100
1	2502505
587	233	220
30
1	108	0	76	0	30	1	7	1
2	110	0	43	1	25	1	4	1
3	92	1	81	1	55	1	5	1
4	81	0	33	1	28	1	5	1
5	120	1	99	1	73	1	2	1
6	111	0	70	1	48	1	4	1
7	98	0	72	1	46	1	5	1
8	95	0	66	0	31	1	5	1
9	85	0	84	0	30	1	5	1
10	71	0	32	1	25	1	7	1
11	36	1	34	1	25	1	8	1
12	97	1	67	1	62	1	6	1
13	33	1	25	1	23	1	4	1
14	95	0	27	1	26	1	4	1
15	94	0	81	1	44	1	4	1
16	41	1	39	1	38	1	3	2
17	104	1	74	1	65	1	5	2
18	52	1	41	1	36	1	4	2
19	104	0	78	0	34	1	3	2
20	83	1	77	1	46	1	3	2
21	74	0	56	1	30	1	6	2
22	95	1	80	1	63	1	5	2
23	56	1	35	1	33	1	6	2
24	96	1	95	1	49	1	3	2
25	88	0	68	0	30	1	3	2
26	80	0	65	0	29	1	3	2
27	60	1	55	1	41	1	5	2
28	113	0	56	0	20	1	8	2
29	93	0	31	1	31	1	3	2
30	87	0	83	0	26	1	7	2
2	2502605
587	233	220
30
1	49	0	25	1	21	1	7	1
2	60	1	51	1	41	1	6	1
3	103	1	76	1	64	1	4	1
4	95	1	70	1	62	1	5	1
5	111	0	49	1	26	1	3	1
6	85	1	84	1	72	1	4	1
7	48	1	36	1	31	1	1	1
8	86	0	76	0	38	1	7	1
9	71	1	48	1	47	1	4	1
10	90	0	43	1	33	1	5	1
11	98	0	52	1	44	1	3	1
12	73	0	37	1	23	1	6	1
13	61	1	48	1	39	1	3	1
14	75	1	75	1	63	1	6	1
15	74	1	42	1	40	1	5	1
16	98	0	88	0	26	1	2	2
17	97	0	69	1	41	1	5	2
18	89	1	77	1	46	1	5	2
19	73	1	64	1	55	1	6	2
20	84	1	69	1	66	1	2	2
21	38	1	37	1	29	1	4	2
22	61	1	47	1	39	1	2	2
23	57	1	44	1	42	1	4	2
24	98	0	79	0	20	1	2	2
25	83	1	76	1	57	1	9	2
26	75	0	62	1	36	1	4	2
27	60	1	55	1	45	1	8	2
28	79	1	64	1	40	1	5	2
29	103	0	76	1	44	1	4	2
30	96	1	82	1	59	1	2	2
3	2502705
587	233	220
30
1	97	0	81	0	27	1	2	1
2	102	0	78	0	39	1	4	1
3	113	0	46	1	36	1	5	1
4	66	1	50	1	42	1	5	1
5	101	0	30	1	26	1	7	1
6	100	0	56	1	35	1	4	1
7	91	0	50	1	40	1	7	1
8	106	1	61	1	56	1	3	1
9	103	1	63	1	58	1	5	1
10	75	1	57	1	41	1	3	1
11	71	1	68	1	64	1	6	1
12	85	0	67	1	39	1	4	1
13	97	1	63	1	56	1	5	1
14	61	0	48	1	30	1	4	1
15	80	0	54	1	35	1	2	1
16	73	1	66	1	62	1	3	2
17	90	1	74	1	69	1	2	2
18	118	0	61	1	40	1	7	2
19	94	0	43	1	31	1	4	2
20	90	0	49	1	30	1	4	2
21	61	0	43	0	20	1	2	2
22	74	1	73	1	59	1	3	2
23	58	1	53	1	51	1	7	2
24	100	1	62	1	53	1	6	2
25	64	1	46	1	45	1	10	2
26	83	0	71	0	34	1	4	2
27	80	0	51	1	34	1	4	2
28	71	1	60	1	46	1	4	2
29	113	0	56	1	46	1	4	2
30	110	0	76	0	31	1	7	2
4	2502805
587	233	220
30
1	113	0	92	0	33	1	4	1
2	52	1	37	1	28	1	6	1
3	57	1	33	1	29	1	3	1
4	99	0	37	1	30	1	8	1
5	92	0	64	1	33	1	2	1
6	119	0	59	1	39	1	4	1
7	54	1	52	1	49	1	7	1
8	75	0	45	1	35	1	6	1
9	79	1	68	1	44	1	2	1
10	116	0	49	1	47	1	6	1
11	83	0	44	1	23	1	9	1
12	98	1	96	1	56	1	2	1
13	78	1	72	1	57	1	3	1
14	98	0	88	1	47	1	3	1
15	41	1	33	1	31	1	3	1
16	59	1	35	1	34	1	4	2
17	83	0	78	0	37	1	8	2
18	68	0	34	1	33	1	6	2
19	103	0	69	1	49	1	4	2
20	97	0	53	1	32	1	6	2
21	92	1	63	1	50	1	5	2
22	108	0	57	1	40	1	5	2
23	62	1	60	1	58	1	5	2
24	101	0	46	1	25	1	3	2
25	99	0	53	1	36	1	3	2
26	67	1	67	1	55	1	2	2
27	99	0	46	1	38	1	4	2
28	103	1	80	1	79	1	6	2
29	91	0	69	0	32	1	9	2
30	71	0	63	1	33	1	8	2
5	2502905
587	233	220
30
1	88	0	54	1	39	1	2	1
2	94	0	54	1	36	1	4	1
3	87	0	77	1	43	1	3	1
4	100	1	80	1	72	1	5	1
5	83	0	40	1	36	1	6	1
6	91	0	54	0	22	1	5	1
7	109	0	58	1	54	1	4	1
8	94	0	55	1	30	1	4	1
9	34	1	32	1	31	1	10	1
10	83	1	80	1	57	1	5	1
11	108	0	40	1	26	1	6	1
12	72	0	37	1	32	1	8	1
13	93	0	93	0	28	1	9	1
14	71	0	56	1	33	1	3	1
15	104	0	78	0	26	1	6	1
16	94	0	85	1	44	1	6	2
17	82	1	75	1	65	1	8	2
18	109	0	81	0	28	1	3	2
19	79	1	73	1	45	1	3	2
20	104	1	91	1	76	1	1	2
21	56	1	48	1	45	1	5	2
22	67	1	55	1	52	1	8	2
23	72	1	69	1	59	1	2	2
24	103	0	58	0	29	1	4	2
25	61	0	41	1	25	1	6	2
26	63	0	39	1	26	1	6	2
27	88	0	58	1	41	1	3	2
28	87	0	70	1	39	1	6	2
29	61	0	42	0	21	1	7	2
30	66	1	47	1	35	1	3	2
6	2503005
587	233	220
30
1	86	1	84	1	45	1	4	1
2	81	0	45	1	34	1	6	1
3	70	1	54	1	37	1	8	1
4	71	1	61	1	52	1	10	1
5	78	1	73	1	40	1	8	1
6	69	1	63	1	46	1	4	1
7	72	1	67	1	56	1	5	1
8	75	0	75	0	36	1	3	1
9	94	1	88	1	50	1	6	1
10	65	1	51	1	50	1	6	1
11	81	1	56	1	46	1	10	1
12	68	0	44	1	27	1	5	1
13	108	0	52	1	45	1	5	1
14	114	0	80	1	44	1	3	1
15	84	0	39	1	22	1	7	1
16	62	0	58	1	30	1	6	2
17	86	0	68	0	33	1	6	2
18	59	0	52	0	22	1	6	2
19	42	0	33	1	21	1	8	2
20	110	0	74	1	38	1	4	2
21	79	0	62	0	28	1	5	2
22	86	0	53	1	33	1	3	2
23	78	0	60	0	20	1	5	2
24	105	0	88	0	29	1	3	2
25	115	0	75	0	29	1	3	2
26	73	1	72	1	59	1	5	2
27	77	0	77	0	36	1	2	2
28	94	0	59	1	36	1	4	2
29	52	1	33	1	30	1	5	2
30	68	1	61	1	60	1	5	2
7	2503105
587	233	220
30
1	118	0	79	1	51	1	5	1
2	86	0	32	1	31	1	3	1
3	64	1	58	1	52	1	5	1
4	42	1	42	1	32	1	3	1
5	64	1	55	1	43	1	3	1
6	84	0	70	0	35	1	3	1
7	76	0	57	1	36	1	3	1
8	95	1	60	1	55	1	5	1
9	80	1	66	1	52	1	5	1
10	109	0	73	0	23	1	3	1
11	72	1	65	1	54	1	4	1
12	98	0	55	1	44	1	3	1
13	88	0	61	1	31	1	2	1
14	94	1	82	1	66	1	6	1
15	78	1	77	1	64	1	2	1
16	77	0	32	1	30	1	1	2
17	91	1	61	1	61	1	5	2
18	101	1	100	1	77	1	2	2
19	103	1	63	1	59	1	5	2
20	117	0	61	1	57	1	2	2
21	71	0	69	0	34	1	2	2
22	60	0	51	1	30	1	4	2
23	87	0	60	0	29	1	2	2
24	107	1	72	1	62	1	5	2
25	93	1	77	1	64	1	5	2
26	55	1	44	1	44	1	3	2
27	66	0	36	1	31	1	4	2
28	94	0	79	0	26	1	4	2
29	76	1	63	1	46	1	8	2
30	74	1	56	1	40	1	3	2
8	2503205
587	233	220
30
1	75	1	58	1	57	1	5	1
2	57	1	37	1	30	1	4	1
3	79	0	74	0	35	1	3	1
4	104	1	99	1	74	1	1	1
5	55	1	46	1	31	1	5	1
6	99	0	98	0	33	1	5	1
7	90	1	85	1	59	1	7	1
8	115	0	74	1	44	1	5	1
9	107	0	67	0	21	1	3	1
10	81	1	76	1	55	1	3	1
11	118	0	84	0	27	1	3	1
12	67	1	60	1	38	1	2	1
13	78	1	48	1	46	1	4	1
14	67	1	53	1	49	1	8	1
15	74	1	43	1	38	1	8	1
16	89	1	81	1	62	1	4	2
17	95	0	54	1	28	1	7	2
18	72	1	72	1	51	1	2	2
19	93	0	72	0	35	1	7	2
20	40	1	33	1	23	1	7	2
21	75	1	66	1	53	1	4	2
22	65	0	49	1	26	1	3	2
23	96	0	61	1	38	1	3	2
24	109	0	55	1	34	1	4	2
25	82	0	54	1	39	1	7	2
26	92	1	77	1	51	1	4	2
27	117	0	56	1	55	1	3	2
28	60	1	38	1	34	1	5	2
29	73	1	59	1	45	1	5	2
30	88	1	73	1	51	1	4	2
9	2503305
587	233	220
30
1	90	1	70	1	63	1	4	1
2	84	0	78	0	28	1	2	1
3	94	0	85	0	39	1	1	1
4	80	1	76	1	54	1	5	1
5	69	1	50	1	45	1	4	1
6	70	1	57	1	37	1	4	1
7	94	1	61	1	54	1	4	1
8	92	0	44	1	29	1	2	1
9	72	1	53	1	37	1	5	1
10	89	0	43	1	27	1	3	1
11	91	0	44	1	28	1	3	1
12	78	1	76	1	68	1	5	1
13	84	0	61	1	33	1	2	1
14	107	0	40	1	39	1	2	1
15	114	1	75	1	69	1	1	1
16	57	1	55	1	48	1	4	2
17	99	0	57	1	47	1	8	2
18	92	0	66	1	44	1	3	2
19	73	1	48	1	42	1	5	2
20	99	0	46	1	39	1	2	2
21	97	0	82	0	35	1	4	2
22	100	0	53	1	47	1	4	2
23	104	0	62	1	48	1	5	2
24	111	0	67	1	39	1	7	2
25	93	0	70	1	43	1	2	2
26	63	1	49	1	46	1	3	2
27	112	0	75	1	45	1	4	2
28	118	0	58	1	42	1	6	2
29	91	1	83	1	72	1	6	2
30	102	0	45	1	45	1	5	2
10	2503405
587	233	220
30
1	68	0	66	0	31	1	7	1
2	120	0	34	1	26	1	4	1
3	95	1	76	1	60	1	2	1
4	61	1	47	1	34	1	1	1
5	53	1	45	1	36	1	4	1
6	80	1	52	1	42	1	6	1
7	109	0	63	0	28	1	6	1
8	74	0	64	1	35	1	4	1
9	53	1	40	1	36	1	5	1
10	102	1	96	1	59	1	4	1
11	64	1	60	1	47	1	7	1
12	99	0	90	0	32	1	3	1
13	76	1	50	1	43	1	2	1
14	90	0	75	0	25	1	5	1
15	94	0	65	1	37	1	6	1
16	117	0	34	1	28	1	9	2
17	39	1	28	1	24	1	9	2
18	92	0	60	1	42	1	5	2
19	102	0	78	1	49	1	3	2
20	82	1	69	1	46	1	6	2
21	88	1	78	1	53	1	3	2
22	45	0	43	0	20	1	6	2
23	113	1	62	1	57	1	5	2
24	113	0	98	0	38	1	2	2
25	58	1	55	1	32	1	4	2
26	42	0	34	1	21	1	6	2
27	107	0	34	1	33	1	6	2
28	84	1	78	1	49	1	9	2
29	93	0	60	0	23	1	4	2
30	115	0	78	1	40	1	8	2
11	2503505
587	233	220
30
1	74	1	63	1	61	1	1	1
2	71	0	60	0	25	1	5	1
3	106	1	80	1	59	1	3	1
4	109	0	76	1	42	1	3	1
5	118	0	56	0	22	1	6	1
6	105	0	67	1	43	1	6	1
7	72	1	65	1	37	1	3	1
8	84	1	59	1	54	1	5	1
9	91	0	69	0	26	1	2	1
10	69	0	31	1	28	1	4	1
11	76	0	67	1	37	1	2	1
12	48	1	39	1	25	1	4	1
13	91	1	79	1	66	1	5	1
14	72	1	63	1	42	1	5	1
15	74	1	74	1	60	1	8	1
16	85	0	78	0	20	1	5	2
17	52	1	32	1	32	1	2	2
18	83	1	63	1	54	1	4	2
19	71	0	32	1	26	1	5	2
20	65	0	53	1	30	1	5	2
21	95	1	84	1	61	1	4	2
22	78	1	47	1	43	1	4	2
23	66	0	63	0	31	1	8	2
24	114	1	82	1	71	1	3	2
25	109	0	46	0	22	1	5	2
26	82	0	54	1	38	1	3	2
27	102	1	99	1	53	1	9	2
28	57	1	51	1	37	1	3	2
29	103	0	36	1	29	1	1	2
30	50	1	38	1	35	1	6	2
12	2503605
587	233	220
30
1	95	1	80	1	57	1	2	1
2	112	0	87	0	23	1	5	1
3	116	0	41	1	40	1	5	1
4	98	1	80	1	56	1	6	1
5	108	1	60	1	59	1	4	1
6	82	1	77	1	67	1	3	1
7	67	1	46	1	36	1	2	1
8	104	0	72	1	44	1	7	1
9	89	0	56	0	24	1	3	1
10	64	1	36	1	36	1	6	1
11	101	0	86	0	31	1	7	1
12	69	1	65	1	37	1	5	1
13	106	0	39	1	22	1	3	1
14	100	0	58	1	37	1	3	1
15	56	1	53	1	35	1	3	1
16	66	1	53	1	51	1	2	2
17	116	0	36	1	20	1	5	2
18	48	1	35	1	33	1	7	2
19	63	1	62	1	41	1	5	2
20	59	1	53	1	48	1	4	2
21	101	0	43	1	40	1	7	2
22	113	0	74	1	41	1	3	2
23	75	1	63	1	40	1	3	2
24	116	0	65	1	43	1	5	2
25	72	0	71	0	35	1	4	2
26	53	0	34	1	26	1	7	2
27	97	1	88	1	72	1	4	2
28	108	1	65	1	57	1	7	2
29	113	0	75	1	49	1	2	2
30	52	0	30	1	22	1	6	2
13	2503705
587	233	220
30
1	52	0	36	1	25	1	7	1
2	63	0	37	1	21	1	7	1
3	100	0	61	1	36	1	6	1
4	79	0	52	1	36	1	8	1
5	99	0	63	1	36	1	5	1
6	97	0	49	1	30	1	3	1
7	90	1	69	1	55	1	10	1
8	91	0	33	1	28	1	4	1
9	111	0	76	1	41	1	5	1
10	95	0	44	1	35	1	6	1
11	74	0	47	1	29	1	5	1
12	100	0	48	0	20	1	5	1
13	75	0	38	1	30	1	4	1
14	86	1	68	1	44	1	5	1
15	72	0	52	1	33	1	4	1
16	112	0	52	0	25	1	5	2
17	109	0	48	1	40	1	3	2
18	83	1	74	1	42	1	4	2
19	101	0	93	0	40	1	2	2
20	76	0	66	0	31	1	6	2
21	107	0	71	0	25	1	2	2
22	57	1	40	1	40	1	5	2
23	64	0	49	0	24	1	4	2
24	118	0	75	1	48	1	7	2
25	99	0	61	1	33	1	6	2
26	100	0	59	1	30	1	8	2
27	92	0	77	0	31	1	10	2
28	77	1	75	1	72	1	4	2
29	61	1	44	1	32	1	6	2
30	65	0	55	0	25	1	7	2
14	2503805
587	233	220
30
1	68	0	48	1	31	1	3	1
2	104	1	80	1	63	1	5	1
3	82	0	46	0	21	1	6	1
4	114	1	78	1	60	1	1	1
5	90	1	74	1	66	1	6	1
6	112	0	54	1	36	1	6	1
7	71	1	64	1	54	1	3	1
8	74	0	53	1	33	1	2	1
9	75	1	62	1	57	1	3	1
10	68	1	62	1	52	1	5	1
11	64	1	49	1	47	1	3	1
12	60	1	39	1	36	1	6	1
13	55	1	45	1	35	1	4	1
14	59	1	35	1	31	1	2	1
15	104	0	47	1	34	1	3	1
16	81	0	74	1	38	1	5	2
17	101	0	77	1	45	1	6	2
18	116	0	55	1	36	1	1	2
19	77	1	71	1	47	1	3	2
20	90	0	73	1	38	1	5	2
21	114	0	68	0	27	1	3	2
22	91	0	67	1	38	1	3	2
23	65	1	58	1	33	1	2	2
24	120	0	47	1	32	1	8	2
25	87	1	87	1	51	1	8	2
26	117	0	72	0	31	1	6	2
27	87	1	66	1	50	1	5	2
28	80	0	42	1	35	1	3	2
29	90	0	74	1	43	1	4	2
30	95	0	79	0	27	1	6	2
15	2503905
587	233	220
30
1	100	0	44	1	37	1	7	1
2	90	1	78	1	55	1	2	1
3	65	1	57	1	42	1	3	1
4	85	0	58	1	41	1	3	1
5	81	1	69	1	50	1	4	1
6	84	1	78	1	51	1	7	1
7	109	1	73	1	73	1	5	1
8	73	1	58	1	52	1	4	1
9	73	1	49	1	40	1	2	1
10	120	0	60	1	39	1	1	1
11	111	1	80	1	68	1	5	1
12	71	1	70	1	53	1	3	1
13	71	1	70	1	59	1	3	1
14	93	0	78	0	33	1	3	1
15	83	1	71	1	43	1	5	1
16	49	0	48	0	23	1	3	2
17	94	0	49	1	44	1	3	2
18	66	0	30	1	27	1	5	2
19	77	1	54	1	40	1	6	2
20	79	1	73	1	61	1	4	2
21	120	0	58	1	50	1	4	2
22	36	1	35	1	33	1	5	2
23	67	1	65	1	42	1	4	2
24	91	0	80	0	31	1	2	2
25	75	1	49	1	40	1	3	2
26	112	0	64	1	43	1	6	2
27	82	1	70	1	56	1	3	2
28	99	1	88	1	55	1	2	2
29	59	0	53	0	26	1	2	2
30	93	1	90	1	59	1	4	2
16	2504005
587	233	220
30
1	43	1	40	1	39	1	5	1
2	97	0	76	1	40	1	5	1
3	67	1	63	1	47	1	3	1
4	98	0	57	1	38	1	5	1
5	73	0	71	0	27	1	1	1
6	66	1	56	1	41	1	2	1
7	82	1	75	1	72	1	6	1
8	93	0	71	1	43	1	5	1
9	95	0	35	1	28	1	2	1
10	88	1	72	1	68	1	3	1
11	88	0	85	0	35	1	4	1
12	100	1	83	1	69	1	4	1
13	74	0	30	1	27	1	4	1
14	82	1	64	1	61	1	3	1
15	63	1	38	1	32	1	2	1
16	108	1	97	1	70	1	5	2
17	87	1	72	1	53	1	3	2
18	107	0	75	0	24	1	4	2
19	101	0	31	1	30	1	4	2
20	86	0	56	0	23	1	3	2
21	90	0	36	1	33	1	4	2
22	70	0	60	1	34	1	6	2
23	76	1	66	1	51	1	8	2
24	75	0	52	1	33	1	5	2
25	103	0	64	0	29	1	2	2
26	108	0	90	0	36	1	6	2
27	77	0	45	1	28	1	6	2
28	96	1	75	1	66	1	3	2
29	63	0	38	1	29	1	6	2
30	107	0	85	0	31	1	3	2
17	2504105
587	233	220
30
1	72	0	49	1	35	1	4	1
2	75	1	66	1	47	1	4	1
3	78	0	30	1	22	1	3	1
4	119	1	79	1	79	1	6	1
5	76	1	65	1	62	1	3	1
6	119	1	81	1	65	1	6	1
7	91	0	77	0	36	1	5	1
8	113	0	89	0	27	1	5	1
9	98	0	59	1	44	1	3	1
10	76	1	55	1	43	1	5	1
11	58	1	51	1	31	1	4	1
12	94	0	40	1	25	1	4	1
13	89	0	66	1	43	1	2	1
14	119	0	55	1	50	1	4	1
15	70	0	43	1	34	1	1	1
16	76	1	71	1	56	1	4	2
17	80	0	58	1	40	1	6	2
18	79	1	57	1	46	1	4	2
19	70	1	68	1	61	1	4	2
20	93	0	46	1	39	1	3	2
21	76	1	45	1	42	1	2	2
22	105	0	32	1	26	1	4	2
23	85	1	67	1	60	1	4	2
24	58	0	35	1	23	1	4	2
25	80	1	65	1	52	1	3	2
26	104	1	69	1	62	1	3	2
27	72	0	48	1	34	1	2	2
28	34	1	32	1	27	1	3	2
29	74	1	73	1	51	1	5	2
30	120	1	80	1	64	1	2	2
18	2504205
587	233	220
30
1	104	0	55	1	30	1	3	1
2	92	1	89	1	73	1	2	1
3	88	0	88	0	43	1	3	1
4	90	1	60	1	60	1	6	1
5	79	1	53	1	41	1	1	1
6	96	0	91	0	28	1	3	1
7	100	1	90	1	79	1	3	1
8	73	0	42	1	32	1	4	1
9	115	1	85	1	60	1	4	1
10	113	1	83	1	76	1	2	1
11	68	0	50	1	31	1	2	1
12	70	0	41	1	30	1	2	1
13	104	0	60	0	26	1	5	1
14	86	0	36	1	29	1	5	1
15	114	0	31	1	29	1	2	1
16	44	1	44	1	42	1	2	2
17	73	1	68	1	62	1	3	2
18	98	1	94	1	74	1	6	2
19	92	0	44	1	40	1	6	2
20	99	1	98	1	68	1	4	2
21	77	1	58	1	49	1	2	2
22	53	1	48	1	30	1	3	2
23	94	1	70	1	67	1	2	2
24	56	1	41	1	37	1	5	2
25	118	0	69	1	40	1	3	2
26	100	0	41	1	33	1	3	2
27	99	1	68	1	67	1	4	2
28	90	0	54	1	35	1	3	2
29	83	1	64	1	44	1	5	2
30	75	0	43	1	36	1	6	2
19	2504305
587	233	220
30
1	60	0	45	1	26	1	6	1
2	71	1	43	1	39	1	4	1
3	99	1	71	1	64	1	2	1
4	61	1	41	1	40	1	5	1
5	83	1	79	1	43	1	2	1
6	63	1	52	1	35	1	2	1
7	54	0	33	1	20	1	2	1
8	62	1	57	1	51	1	3	1
9	79	1	76	1	71	1	1	1
10	91	1	81	1	48	1	4	1
11	95	0	70	0	23	1	5	1
12	101	0	57	1	42	1	4	1
13	119	1	76	1	61	1	7	1
14	78	0	54	0	22	1	2	1
15	93	0	68	0	25	1	4	1
16	104	0	94	0	27	1	3	2
17	66	1	65	1	36	1	6	2
18	68	1	66	1	48	1	5	2
19	100	0	46	0	21	1	6	2
20	106	0	81	0	30	1	5	2
21	55	1	40	1	32	1	8	2
22	83	0	28	1	20	1	5	2
23	103	1	79	1	68	1	4	2
24	38	1	28	1	25	1	3	2
25	81	0	58	0	29	1	7	2
26	96	1	80	1	74	1	5	2
27	88	0	63	0	26	1	7	2
28	74	1	56	1	43	1	2	2
29	93	1	89	1	76	1	6	2
30	69	1	69	1	57	1	5	2
20	2504405
587	233	220
30
1	97	1	77	1	66	1	7	1
2	81	1	69	1	69	1	5	1
3	109	0	53	0	24	1	6	1
4	98	0	33	1	20	1	9	1
5	86	0	56	1	34	1	5	1
6	76	0	50	1	35	1	5	1
7	109	0	42	1	22	1	7	1
8	82	1	69	1	42	1	5	1
9	58	1	43	1	31	1	4	1
10	99	0	80	1	48	1	2	1
11	89	0	68	1	39	1	4	1
12	74	1	53	1	40	1	4	1
13	97	0	43	1	32	1	3	1
14	112	0	70	1	51	1	3	1
15	73	0	29	1	20	1	3	1
16	74	1	72	1	68	1	4	2
17	70	1	64	1	58	1	3	2
18	90	0	62	1	38	1	5	2
19	76	1	69	1	58	1	6	2
20	113	0	65	1	53	1	5	2
21	64	0	62	0	22	1	5	2
22	118	0	47	1	26	1	4	2
23	112	0	69	0	27	1	4	2
24	84	0	61	1	40	1	3	2
25	93	0	47	1	43	1	4	2
26	92	0	51	1	46	1	8	2
27	77	1	58	1	45	1	4	2
28	114	0	51	1	33	1	5	2
29	103	0	59	0	28	1	8	2
30	71	1	64	1	41	1	2	2
21	2504505
587	233	220
30
1	109	1	93	1	72	1	3	1
2	95	0	67	0	32	1	5	1
3	119	0	45	1	36	1	3	1
4	95	1	78	1	62	1	2	1
5	116	0	89	0	32	1	3	1
6	98	0	65	1	38	1	4	1
7	72	0	51	0	24	1	3	1
8	102	0	88	0	26	1	4	1
9	99	0	47	1	44	1	4	1
10	106	0	52	1	31	1	6	1
11	55	1	41	1	32	1	3	1
12	71	0	65	0	29	1	6	1
13	58	1	57	1	48	1	6	1
14	79	0	56	0	25	1	2	1
15	77	1	67	1	53	1	7	1
16	60	1	41	1	40	1	4	2
17	75	0	51	1	31	1	4	2
18	86	0	56	1	40	1	3	2
19	39	1	35	1	30	1	2	2
20	119	0	76	1	48	1	2	2
21	95	1	68	1	66	1	3	2
22	100	1	74	1	62	1	4	2
23	120	0	69	1	36	1	5	2
24	68	0	42	1	32	1	7	2
25	97	0	81	0	37	1	8	2
26	99	1	88	1	79	1	4	2
27	66	1	65	1	53	1	1	2
28	80	1	58	1	53	1	6	2
29	113	0	41	1	28	1	3	2
30	84	1	74	1	59	1	3	2
22	2504605
587	233	220
30
1	89	1	78	1	50	1	2	1
2	73	1	65	1	46	1	3	1
3	94	0	66	1	39	1	3	1
4	66	1	59	1	42	1	4	1
5	106	1	93	1	70	1	6	1
6	80	1	71	1	62	1	4	1
7	60	0	36	1	26	1	3	1
8	72	0	31	1	31	1	4	1
9	63	0	63	0	31	1	2	1
10	74	0	39	1	23	1	3	1
11	105	0	72	1	52	1	5	1
12	101	0	76	1	45	1	5	1
13	93	1	73	1	65	1	1	1
14	74	1	47	1	42	1	6	1
15	72	0	33	1	28	1	6	1
16	99	0	91	0	45	1	5	2
17	79	1	60	1	44	1	7	2
18	81	1	57	1	50	1	5	2
19	99	1	72	1	61	1	4	2
20	38	1	35	1	31	1	4	2
21	74	1	51	1	48	1	5	2
22	98	0	96	0	40	1	4	2
23	70	1	46	1	38	1	3	2
24	65	1	51	1	44	1	4	2
25	69	0	59	0	26	1	7	2
26	83	1	70	1	51	1	5	2
27	56	0	48	0	23	1	4	2
28	73	1	66	1	47	1	5	2
29	74	0	54	1	33	1	4	2
30	98	0	54	1	46	1	6	2
23	2504705
587	233	220
30
1	84	0	81	0	23	1	3	1
2	115	1	72	1	64	1	3	1
3	77	0	49	1	25	1	2	1
4	40	1	37	1	22	1	9	1
5	97	0	96	0	46	1	3	1
6	95	0	43	1	25	1	7	1
7	90	0	69	0	28	1	3	1
8	56	1	51	1	49	1	4	1
9	118	1	93	1	80	1	7	1
10	56	1	47	1	41	1	3	1
11	78	0	71	0	27	1	3	1
12	88	0	62	1	41	1	2	1
13	87	0	53	0	21	1	4	1
14	105	0	47	1	28	1	2	1
15	103	1	68	1	65	1	4	1
16	67	0	64	0	31	1	6	2
17	83	0	37	1	27	1	3	2
18	44	1	31	1	29	1	6	2
19	91	1	69	1	49	1	4	2
20	90	0	61	1	42	1	7	2
21	82	0	81	0	30	1	4	2
22	96	0	67	1	40	1	2	2
23	70	1	55	1	47	1	2	2
24	46	1	37	1	34	1	6	2
25	112	1	76	1	58	1	6	2
26	79	0	41	1	23	1	7	2
27	45	1	43	1	43	1	5	2
28	104	0	74	0	32	1	3	2
29	66	1	43	1	43	1	9	2
30	112	0	79	1	49	1	6	2
24	2504805
587	233	220
30
1	113	0	80	0	29	1	6	1
2	98	1	65	1	62	1	4	1
3	60	1	59	1	46	1	4	1
4	100	1	97	1	64	1	3	1
5	99	0	88	0	23	1	3	1
6	106	0	49	1	33	1	3	1
7	78	0	54	1	30	1	3	1
8	71	1	68	1	41	1	5	1
9	83	0	80	0	35	1	5	1
10	99	0	55	0	27	1	1	1
11	91	0	51	1	43	1	4	1
12	99	1	78	1	72	1	3	1
13	102	0	88	0	37	1	5	1
14	97	1	75	1	72	1	3	1
15	83	0	63	0	27	1	5	1
16	78	0	38	1	36	1	3	2
17	120	0	88	1	55	1	1	2
18	77	0	72	1	38	1	4	2
19	45	1	38	1	25	1	7	2
20	73	0	48	0	23	1	5	2
21	87	0	73	1	38	1	6	2
22	94	0	75	0	33	1	2	2
23	71	1	64	1	56	1	5	2
24	94	1	69	1	48	1	3	2
25	75	1	66	1	46	1	6	2
26	89	1	75	1	56	1	9	2
27	62	1	38	1	34	1	4	2
28	81	1	71	1	52	1	2	2
29	88	1	79	1	53	1	2	2
30	51	1	44	1	35	1	9	2
25	2504905
587	233	220
30
1	75	0	54	1	35	1	6	1
2	107	0	60	1	49	1	6	1
3	70	1	67	1	42	1	3	1
4	78	1	71	1	44	1	6	1
5	78	0	61	0	27	1	5	1
6	78	1	73	1	48	1	7	1
7	109	0	87	0	32	1	2	1
8	91	0	87	0	25	1	4	1
9	67	1	51	1	47	1	4	1
10	67	1	63	1	60	1	4	1
11	115	0	59	1	34	1	6	1
12	102	0	35	1	34	1	4	1
13	117	0	54	1	48	1	4	1
14	70	1	61	1	40	1	5	1
15	64	1	63	1	59	1	3	1
16	95	1	87	1	63	1	4	2
17	113	0	92	0	23	1	7	2
18	113	0	49	1	32	1	3	2
19	99	1	75	1	63	1	2	2
20	56	1	55	1	46	1	4	2
21	94	1	69	1	55	1	3	2
22	110	1	93	1	60	1	5	2
23	73	1	72	1	65	1	5	2
24	77	1	50	1	41	1	5	2
25	55	1	37	1	34	1	4	2
26	71	0	60	0	28	1	6	2
27	99	0	33	1	21	1	1	2
28	89	0	72	1	37	1	3	2
29	63	0	58	1	31	1	6	2
30	48	0	38	1	23	1	3	2
26	2505005
587	233	220
30
1	86	0	71	1	41	1	9	1
2	75	1	58	1	58	1	7	1
3	100	0	81	0	27	1	5	1
4	59	0	42	1	24	1	6	1
5	69	0	37	1	30	1	6	1
6	63	1	50	1	36	1	7	1
7	96	0	72	0	34	1	3	1
8	111	0	71	0	29	1	6	1
9	102	1	67	1	53	1	4	1
10	71	0	34	1	32	1	4	1
11	88	1	75	1	53	1	4	1
12	50	1	46	1	42	1	6	1
13	84	0	70	1	41	1	10	1
14	98	0	48	1	44	1	4	1
15	54	0	43	1	25	1	4	1
16	63	1	61	1	49	1	4	2
17	106	0	96	1	51	1	2	2
18	97	0	64	0	26	1	7	2
19	68	0	39	1	29	1	11	2
20	68	1	62	1	39	1	3	2
21	100	0	38	1	25	1	4	2
22	91	0	53	0	26	1	2	2
23	74	0	72	0	22	1	4	2
24	74	1	61	1	51	1	7	2
25	98	0	91	0	44	1	4	2
26	67	0	61	1	31	1	5	2
27	119	0	88	0	40	1	6	2
28	97	0	95	0	31	1	5	2
29	73	0	43	1	27	1	4	2
30	62	1	55	1	33	1	5	2
27	2505105
587	233	220
30
1	118	0	66	1	47	1	4	1
2	99	0	56	0	25	1	3	1
3	91	1	83	1	48	1	2	1
4	104	0	66	1	40	1	7	1
5	75	0	60	1	33	1	7	1
6	113	1	78	1	60	1	4	1
7	36	1	36	1	29	1	4	1
8	56	1	48	1	40	1	7	1
9	67	0	40	1	22	1	3	1
10	92	1	78	1	64	1	4	1
11	73	0	61	1	31	1	6	1
12	72	1	66	1	58	1	2	1
13	56	0	44	1	26	1	9	1
14	93	0	65	1	34	1	1	1
15	113	0	63	1	50	1	5	1
16	35	1	34	1	31	1	6	2
17	100	1	99	1	80	1	4	2
18	105	0	69	0	20	1	5	2
19	77	0	60	1	38	1	7	2
20	98	0	69	0	30	1	4	2
21	107	0	56	0	20	1	6	2
22	89	1	88	1	54	1	1	2
23	83	0	73	0	31	1	6	2
24	53	1	46	1	44	1	4	2
25	87	0	53	1	34	1	6	2
26	79	0	63	1	33	1	1	2
27	114	1	77	1	60	1	8	2
28	61	0	51	1	29	1	5	2
29	83	1	73	1	56	1	2	2
30	76	0	28	1	27	1	3	2
28	2505205
587	233	220
30
1	62	1	59	1	52	1	5	1
2	54	1	52	1	50	1	4	1
3	102	1	69	1	65	1	4	1
4	97	0	76	1	46	1	2	1
5	52	1	50	1	37	1	5	1
6	93	0	85	0	23	1	1	1
7	90	0	38	1	38	1	2	1
8	66	1	60	1	40	1	3	1
9	38	1	31	1	26	1	2	1
10	86	0	60	1	36	1	2	1
11	92	0	47	1	34	1	7	1
12	103	0	69	0	22	1	3	1
13	79	1	71	1	42	1	5	1
14	66	0	33	1	20	1	6	1
15	100	0	93	0	45	1	4	1
16	91	0	84	0	21	1	1	2
17	92	0	47	1	29	1	3	2
18	76	1	55	1	40	1	4	2
19	98	1	90	1	53	1	9	2
20	81	1	75	1	53	1	6	2
21	113	1	88	1	63	1	3	2
22	87	0	32	1	20	1	3	2
23	92	0	74	1	40	1	4	2
24	78	0	55	1	28	1	3	2
25	106	0	75	0	23	1	2	2
26	66	1	58	1	50	1	6	2
27	109	1	79	1	66	1	4	2
28	119	0	71	1	36	1	3	2
29	93	0	69	1	42	1	5	2
30	99	1	90	1	60	1	5	2
29	2505305
587	233	220
30
1	91	1	58	1	57	1	3	1
2	92	1	78	1	53	1	7	1
3	112	0	48	1	28	1	6	1
4	78	0	47	1	26	1	4	1
5	41	1	40	1	28	1	4	1
6	57	1	47	1	32	1	6	1
7	54	1	47	1	40	1	2	1
8	85	0	80	0	25	1	3	1
9	89	1	86	1	54	1	5	1
10	118	1	94	1	68	1	3	1
11	98	0	63	1	36	1	2	1
12	81	0	42	1	38	1	4	1
13	86	0	59	1	39	1	3	1
14	91	0	67	1	40	1	5	1
15	73	1	61	1	41	1	3	1
16	67	1	59	1	57	1	3	2
17	84	0	75	0	33	1	6	2
18	96	1	88	1	70	1	5	2
19	67	0	44	1	30	1	4	2
20	82	1	76	1	64	1	2	2
21	119	0	45	1	43	1	3	2
22	85	1	66	1	47	1	5	2
23	101	0	74	1	49	1	5	2
24	87	1	57	1	50	1	5	2
25	73	1	69	1	63	1	3	2
26	97	0	54	1	38	1	5	2
27	104	0	56	1	37	1	5	2
28	85	0	44	1	30	1	6	2
29	104	0	88	0	20	1	2	2
30	103	0	94	0	32	1	3	2
30	2505405
587	233	220
30
1	64	0	53	1	32	1	2	1
2	51	1	42	1	28	1	5	1
3	49	1	32	1	30	1	6	1
4	109	1	68	1	59	1	7	1
5	66	0	43	1	32	1	6	1
6	120	0	71	1	47	1	2	1
7	109	0	57	1	41	1	7	1
8	100	0	70	0	28	1	2	1
9	76	1	70	1	51	1	5	1
10	85	0	40	1	26	1	8	1
11	79	1	71	1	55	1	2	1
12	93	1	73	1	55	1	3	1
13	101	1	75	1	75	1	5	1
14	89	1	58	1	53	1	2	1
15	98	0	53	1	36	1	2	1
16	118	0	53	1	31	1	5	2
17	77	0	43	1	37	1	5	2
18	64	1	60	1	46	1	4	2
19	74	0	67	1	37	1	3	2
20	89	0	47	1	38	1	3	2
21	75	0	35	1	27	1	5	2
22	101	1	83	1	74	1	5	2
23	110	1	75	1	59	1	3	2
24	70	0	59	0	22	1	3	2
25	63	0	51	1	31	1	3	2
26	71	1	69	1	50	1	4	2
27	99	0	57	1	45	1	1	2
28	52	1	52	1	50	1	4	2
29	114	0	57	1	33	1	2	2
30	117	1	88	1	65	1	6	2
31	2505505
587	233	220
30
1	70	1	63	1	49	1	5	1
2	84	1	54	1	49	1	3	1
3	89	0	70	1	42	1	3	1
4	80	0	48	1	39	1	6	1
5	114	0	47	1	42	1	7	1
6	92	0	62	1	34	1	5	1
7	72	1	66	1	43	1	3	1
8	120	0	55	1	46	1	3	1
9	106	0	62	0	25	1	4	1
10	72	0	53	1	34	1	6	1
11	74	0	44	1	35	1	5	1
12	103	0	71	0	28	1	5	1
13	115	0	35	1	31	1	10	1
14	117	0	62	1	39	1	7	1
15	60	1	32	1	32	1	6	1
16	86	0	80	0	39	1	5	2
17	71	1	70	1	42	1	4	2
18	87	0	58	1	32	1	4	2
19	97	0	44	1	29	1	5	2
20	95	0	61	0	30	1	6	2
21	70	0	41	1	30	1	6	2
22	81	0	45	1	40	1	4	2
23	119	1	76	1	68	1	6	2
24	61	1	55	1	54	1	5	2
25	85	0	52	1	40	1	3	2
26	46	1	43	1	40	1	4	2
27	94	0	76	0	34	1	5	2
28	110	1	70	1	59	1	5	2
29	46	1	33	1	27	1	3	2
30	83	0	40	1	37	1	10	2
32	2505605
587	233	220
30
1	95	0	76	1	44	1	6	1
2	81	0	47	1	34	1	9	1
3	71	0	52	1	30	1	7	1
4	96	0	52	1	28	1	3	1
5	104	0	80	1	50	1	4	1
6	77	1	64	1	57	1	5	1
7	75	0	45	1	36	1	5	1
8	65	1	49	1	39	1	8	1
9	70	1	49	1	41	1	7	1
10	111	0	44	1	42	1	6	1
11	108	0	94	1	51	1	2	1
12	43	1	40	1	26	1	4	1
13	70	1	47	1	39	1	5	1
14	84	0	36	1	26	1	5	1
15	103	0	97	0	27	1	6	1
16	54	0	54	0	24	1	8	2
17	63	1	46	1	38	1	9	2
18	80	0	52	1	37	1	6	2
19	67	0	59	0	20	1	12	2
20	102	0	89	0	23	1	6	2
21	61	1	53	1	48	1	6	2
22	80	1	79	1	67	1	7	2
23	77	0	76	0	37	1	5	2
24	63	0	37	1	26	1	5	2
25	47	1	41	1	28	1	5	2
26	87	0	76	1	42	1	4	2
27	99	0	89	0	35	1	4	2
28	76	0	67	0	29	1	2	2
29	72	1	58	1	43	1	5	2
30	78	1	70	1	54	1	4	2
33	2505705
587	233	220
30
1	40	1	36	1	21	1	3	1
2	76	0	45	1	31	1	3	1
3	63	1	54	1	51	1	2	1
4	114	1	77	1	69	1	6	1
5	95	1	57	1	53	1	4	1
6	92	0	36	1	20	1	4	1
7	90	1	84	1	47	1	4	1
8	84	0	69	0	24	1	3	1
9	57	1	35	1	35	1	3	1
10	78	1	76	1	50	1	6	1
11	81	0	67	1	37	1	6	1
12	73	1	51	1	43	1	5	1
13	64	0	54	1	30	1	3	1
14	85	1	73	1	51	1	4	1
15	83	0	58	0	23	1	5	1
16	114	0	71	0	27	1	6	2
17	67	1	56	1	50	1	5	2
18	79	1	51	1	46	1	2	2
19	89	0	57	1	36	1	6	2
20	109	0	72	1	46	1	3	2
21	93	0	54	1	35	1	2	2
22	114	0	77	0	33	1	6	2
23	77	0	45	1	25	1	5	2
24	97	1	64	1	59	1	6	2
25	100	0	92	0	30	1	5	2
26	58	1	48	1	38	1	2	2
27	88	1	85	1	54	1	7	2
28	75	1	49	1	43	1	4	2
29	71	1	53	1	42	1	7	2
30	73	1	67	1	42	1	3	2
34	2505805
587	233	220
30
1	68	0	35	1	27	1	5	1
2	118	0	57	1	43	1	2	1
3	73	0	72	0	36	1	4	1
4	85	1	58	1	50	1	7	1
5	86	0	56	1	33	1	3	1
6	99	0	44	1	31	1	4	1
7	93	1	54	1	49	1	3	1
8	89	0	69	0	26	1	3	1
9	98	1	90	1	74	1	5	1
10	58	1	48	1	46	1	2	1
11	56	0	55	0	22	1	6	1
12	104	1	63	1	59	1	2	1
13	80	1	69	1	66	1	5	1
14	110	1	59	1	58	1	6	1
15	96	1	79	1	63	1	4	1
16	82	1	77	1	57	1	1	2
17	55	1	48	1	34	1	1	2
18	120	0	99	0	40	1	3	2
19	97	0	43	1	34	1	4	2
20	115	0	68	1	55	1	3	2
21	78	1	61	1	48	1	5	2
22	75	1	60	1	58	1	4	2
23	77	0	54	1	34	1	4	2
24	80	0	66	0	31	1	4	2
25	80	0	63	0	20	1	4	2
26	34	1	30	1	20	1	1	2
27	80	1	77	1	74	1	4	2
28	100	1	83	1	69	1	3	2
29	87	0	63	0	23	1	6	2
30	81	1	75	1	68	1	4	2
35	2505905
587	233	220
30
1	100	0	33	1	31	1	5	1
2	84	0	68	1	42	1	4	1
3	95	0	84	0	31	1	6	1
4	57	1	39	1	30	1	7	1
5	76	1	71	1	60	1	5	1
6	71	1	68	1	46	1	1	1
7	109	0	51	1	26	1	3	1
8	109	0	54	1	45	1	4	1
9	84	0	55	1	29	1	7	1
10	104	0	66	0	20	1	6	1
11	119	0	76	1	39	1	5	1
12	75	1	74	1	43	1	3	1
13	84	0	36	1	26	1	7	1
14	77	0	45	1	32	1	4	1
15	75	1	57	1	42	1	4	1
16	51	1	50	1	42	1	7	2
17	63	1	59	1	41	1	6	2
18	71	0	70	0	34	1	3	2
19	74	1	71	1	66	1	3	2
20	38	1	31	1	30	1	4	2
21	80	1	67	1	60	1	5	2
22	93	0	73	0	27	1	6	2
23	78	1	63	1	44	1	3	2
24	68	1	64	1	63	1	2	2
25	116	1	70	1	69	1	5	2
26	120	0	77	1	53	1	6	2
27	75	0	67	0	32	1	6	2
28	90	0	67	0	28	1	7	2
29	73	0	57	1	36	1	3	2
30	95	0	62	1	47	1	6	2
36	2506005
587	233	220
30
1	41	1	39	1	26	1	6	1
2	110	0	40	1	34	1	5	1
3	94	1	77	1	52	1	1	1
4	119	1	96	1	71	1	7	1
5	67	1	63	1	47	1	1	1
6	61	1	43	1	31	1	2	1
7	72	0	53	1	35	1	3	1
8	64	1	38	1	38	1	6	1
9	110	0	71	1	45	1	5	1
10	73	1	71	1	52	1	5	1
11	95	1	92	1	55	1	4	1
12	86	0	74	0	31	1	4	1
13	99	1	62	1	52	1	4	1
14	81	0	44	1	31	1	5	1
15	113	1	94	1	70	1	5	1
16	109	0	100	0	28	1	3	2
17	63	0	34	1	30	1	3	2
18	111	0	43	1	28	1	4	2
19	48	1	35	1	28	1	3	2
20	97	0	53	1	38	1	7	2
21	73	0	42	1	35	1	4	2
22	71	1	54	1	37	1	2	2
23	79	1	72	1	53	1	5	2
24	70	0	47	1	35	1	1	2
25	79	1	59	1	57	1	5	2
26	116	0	48	1	25	1	2	2
27	70	1	56	1	52	1	3	2
28	98	0	48	1	33	1	3	2
29	83	0	48	1	26	1	2	2
30	109	1	79	1	57	1	4	2
37	2506105
587	233	220
30
1	98	0	73	1	44	1	2	1
2	60	1	60	1	38	1	2	1
3	105	1	73	1	60	1	1	1
4	90	1	77	1	52	1	3	1
5	66	0	58	0	24	1	6	1
6	106	1	76	1	55	1	7	1
7	55	1	44	1	36	1	4	1
8	82	0	58	0	23	1	6	1
9	74	1	61	1	58	1	2	1
10	81	0	39	1	24	1	3	1
11	71	1	65	1	39	1	5	1
12	105	0	97	0	47	1	4	1
13	114	1	97	1	69	1	10	1
14	103	1	78	1	55	1	3	1
15	93	1	66	1	55	1	2	1
16	78	1	75	1	74	1	5	2
17	118	0	67	1	58	1	1	2
18	91	0	61	0	22	1	2	2
19	96	0	58	0	24	1	3	2
20	80	1	76	1	44	1	3	2
21	80	0	67	0	25	1	4	2
22	71	0	69	0	20	1	2	2
23	81	1	79	1	62	1	3	2
24	72	0	68	0	30	1	1	2
25	49	1	45	1	41	1	3	2
26	112	1	96	1	58	1	2	2
27	71	1	65	1	45	1	1	2
28	91	0	68	0	30	1	2	2
29	94	1	71	1	61	1	3	2
30	52	1	51	1	31	1	3	2
38	2506205
587	233	220
30
1	104	0	94	1	50	1	5	1
2	102	0	87	0	36	1	4	1
3	115	0	42	1	33	1	2	1
4	61	1	58	1	32	1	5	1
5	70	1	62	1	48	1	6	1
6	91	1	79	1	78	1	5	1
7	90	1	57	1	53	1	3	1
8	78	0	68	0	25	1	3	1
9	77	1	44	1	39	1	2	1
10	97	1	89	1	56	1	2	1
11	58	0	38	1	26	1	2	1
12	64	1	44	1	33	1	7	1
13	57	0	38	1	25	1	5	1
14	70	0	65	0	28	1	5	1
15	93	1	73	1	61	1	6	1
16	61	1	47	1	46	1	3	2
17	111	0	72	0	26	1	2	2
18	102	1	78	1	63	1	4	2
19	88	1	65	1	62	1	7	2
20	63	1	51	1	38	1	3	2
21	98	1	86	1	68	1	2	2
22	106	0	68	1	47	1	2	2
23	90	1	80	1	71	1	3	2
24	90	0	74	1	40	1	7	2
25	94	0	38	1	33	1	4	2
26	108	0	67	0	30	1	5	2
27	60	0	34	1	30	1	3	2
28	57	0	37	1	27	1	5	2
29	104	0	74	1	41	1	5	2
30	47	0	45	1	23	1	2	2
39	2506305
587	233	220
30
1	89	1	56	1	45	1	5	1
2	53	1	37	1	34	1	11	1
3	54	0	35	1	25	1	4	1
4	73	0	39	1	33	1	6	1
5	73	1	39	1	38	1	5	1
6	50	1	42	1	29	1	7	1
7	62	1	59	1	54	1	5	1
8	98	0	53	1	44	1	3	1
9	94	0	32	1	31	1	4	1
10	97	0	64	0	28	1	9	1
11	102	0	77	1	42	1	2	1
12	80	1	75	1	44	1	6	1
13	93	0	52	1	41	1	7	1
14	77	0	51	1	38	1	5	1
15	57	1	54	1	52	1	7	1
16	105	0	97	0	46	1	4	2
17	103	1	76	1	54	1	4	2
18	72	0	53	1	34	1	2	2
19	42	1	38	1	35	1	5	2
20	61	1	58	1	46	1	8	2
21	93	1	54	1	50	1	4	2
22	74	1	66	1	50	1	5	2
23	99	0	81	0	20	1	4	2
24	76	1	73	1	72	1	6	2
25	98	0	57	0	27	1	5	2
26	104	0	63	1	38	1	7	2
27	99	0	55	1	49	1	1	2
28	115	0	47	1	45	1	8	2
29	114	0	86	0	25	1	6	2
30	59	1	56	1	42	1	4	2
40	2506405
587	233	220
30
1	85	1	77	1	62	1	2	1
2	94	0	63	1	32	1	5	1
3	83	1	75	1	45	1	3	1
4	95	1	95	1	54	1	3	1
5	76	0	76	0	30	1	2	1
6	113	0	66	1	44	1	3	1
7	108	1	71	1	61	1	3	1
8	118	0	62	1	37	1	5	1
9	93	1	58	1	48	1	2	1
10	60	0	32	1	29	1	2	1
11	97	1	75	1	59	1	2	1
12	105	0	56	1	35	1	5	1
13	67	1	58	1	53	1	5	1
14	96	0	51	1	37	1	11	1
15	91	0	52	1	32	1	4	1
16	73	0	70	0	32	1	4	2
17	96	0	80	0	22	1	4	2
18	94	1	82	1	66	1	3	2
19	95	1	76	1	73	1	4	2
20	64	0	29	1	23	1	8	2
21	99	0	85	0	32	1	3	2
22	85	0	64	1	40	1	5	2
23	108	0	81	0	29	1	3	2
24	77	1	56	1	44	1	3	2
25	110	1	86	1	78	1	5	2
26	100	0	86	0	35	1	1	2
27	88	1	69	1	50	1	6	2
28	81	1	67	1	53	1	3	2
29	56	1	38	1	33	1	2	2
30	73	0	36	1	28	1	5	2
41	2506505
587	233	220
30
1	109	1	80	1	68	1	3	1
2	90	0	45	1	31	1	1	1
3	66	1	56	1	34	1	6	1
4	76	0	66	1	34	1	4	1
5	111	0	80	1	53	1	5	1
6	86	0	59	0	29	1	5	1
7	80	1	72	1	63	1	4	1
8	81	0	47	0	22	1	2	1
9	114	1	80	1	64	1	5	1
10	90	0	37	1	32	1	3	1
11	75	1	48	1	40	1	4	1
12	67	1	52	1	45	1	3	1
13	88	1	82	1	74	1	4	1
14	100	0	63	0	23	1	2	1
15	103	0	53	1	48	1	7	1
16	79	1	44	1	41	1	4	2
17	89	1	85	1	50	1	6	2
18	60	1	54	1	44	1	3	2
19	65	0	52	1	27	1	5	2
20	88	1	71	1	45	1	6	2
21	106	0	75	1	41	1	4	2
22	119	1	67	1	62	1	2	2
23	117	0	82	0	38	1	5	2
24	79	1	77	1	40	1	3	2
25	74	1	73	1	67	1	1	2
26	95	1	68	1	57	1	3	2
27	77	0	45	1	27	1	4	2
28	61	0	48	1	26	1	4	2
29	51	0	43	1	25	1	3	2
30	86	0	61	1	31	1	4	2
42	2506605
587	233	220
30
1	76	1	74	1	50	1	6	1
2	86	0	40	1	29	1	5	1
3	66	1	55	1	48	1	2	1
4	75	0	57	1	37	1	4	1
5	102	0	83	0	29	1	3	1
6	74	1	58	1	52	1	4	1
7	89	0	65	1	36	1	4	1
8	99	1	68	1	67	1	5	1
9	80	1	78	1	66	1	3	1
10	65	1	57	1	45	1	5	1
11	112	0	59	1	30	1	4	1
12	79	1	75	1	68	1	5	1
13	97	0	48	1	30	1	1	1
14	73	0	70	0	31	1	3	1
15	90	0	83	1	44	1	2	1
16	101	1	93	1	64	1	3	2
17	89	1	82	1	78	1	6	2
18	85	0	54	0	26	1	4	2
19	57	1	34	1	29	1	6	2
20	78	1	71	1	68	1	7	2
21	112	1	72	1	58	1	3	2
22	63	1	60	1	33	1	6	2
23	83	0	47	1	35	1	2	2
24	99	0	81	1	49	1	2	2
25	63	1	56	1	35	1	9	2
26	91	0	40	1	28	1	5	2
27	67	1	47	1	40	1	4	2
28	105	0	68	1	46	1	2	2
29	71	1	63	1	53	1	4	2
30	100	0	33	1	26	1	2	2
43	2506705
587	233	220
30
1	82	1	80	1	71	1	4	1
2	66	0	37	1	27	1	5	1
3	77	0	76	0	31	1	6	1
4	100	0	56	1	38	1	4	1
5	93	1	86	1	67	1	2	1
6	89	0	76	0	30	1	3	1
7	98	1	90	1	67	1	4	1
8	87	0	52	1	42	1	2	1
9	53	1	42	1	35	1	2	1
10	116	0	53	1	36	1	4	1
11	85	1	79	1	46	1	3	1
12	106	0	91	0	24	1	3	1
13	112	0	84	1	46	1	1	1
14	89	1	56	1	47	1	2	1
15	62	1	51	1	39	1	3	1
16	69	1	67	1	50	1	3	2
17	93	0	74	1	46	1	2	2
18	74	0	48	1	35	1	2	2
19	95	1	87	1	66	1	4	2
20	84	0	54	1	30	1	6	2
21	119	0	40	1	28	1	4	2
22	98	1	60	1	58	1	2	2
23	83	1	57	1	44	1	4	2
24	83	0	83	0	20	1	3	2
25	88	1	51	1	46	1	4	2
26	87	1	76	1	73	1	5	2
27	66	1	56	1	35	1	1	2
28	76	1	72	1	66	1	7	2
29	76	1	63	1	40	1	5	2
30	114	1	97	1	66	1	5	2
44	2506805
587	233	220
30
1	114	0	67	0	25	1	6	1
2	92	0	79	0	25	1	9	1
3	89	0	87	0	36	1	5	1
4	95	0	71	1	36	1	6	1
5	90	0	83	1	43	1	8	1
6	93	0	39	1	28	1	2	1
7	69	0	54	1	31	1	4	1
8	107	0	61	1	37	1	2	1
9	98	0	52	1	40	1	6	1
10	83	1	69	1	60	1	9	1
11	98	1	63	1	58	1	5	1
12	45	1	40	1	26	1	3	1
13	63	1	44	1	36	1	5	1
14	96	0	56	1	43	1	4	1
15	88	0	42	1	35	1	2	1
16	40	1	37	1	36	1	5	2
17	97	1	74	1	67	1	7	2
18	76	1	45	1	42	1	5	2
19	64	1	43	1	42	1	6	2
20	91	0	53	1	37	1	5	2
21	59	0	34	1	22	1	10	2
22	56	0	42	1	27	1	8	2
23	84	1	66	1	53	1	6	2
24	85	1	66	1	53	1	6	2
25	51	1	39	1	35	1	2	2
26	83	1	47	1	45	1	4	2
27	45	1	30	1	25	1	2	2
28	84	0	38	1	25	1	3	2
29	86	0	74	0	28	1	5	2
30	92	0	38	1	37	1	2	2
45	2506905
587	233	220
30
1	63	0	55	1	31	1	6	1
2	120	0	43	1	23	1	2	1
3	97	1	72	1	57	1	2	1
4	77	1	76	1	42	1	5	1
5	93	0	74	0	20	1	2	1
6	65	1	63	1	43	1	4	1
7	108	0	71	1	40	1	7	1
8	79	0	36	1	21	1	9	1
9	68	0	62	0	26	1	7	1
10	68	1	50	1	40	1	10	1
11	79	0	42	1	31	1	6	1
12	76	0	56	1	38	1	4	1
13	80	1	79	1	51	1	3	1
14	115	0	69	0	29	1	5	1
15	113	0	50	1	30	1	3	1
16	96	0	90	0	22	1	2	2
17	60	0	41	1	26	1	5	2
18	118	0	93	0	36	1	5	2
19	80	0	72	0	33	1	5	2
20	98	1	96	1	76	1	3	2
21	91	0	65	1	40	1	3	2
22	76	1	54	1	54	1	4	2
23	84	1	75	1	61	1	4	2
24	87	0	50	0	25	1	2	2
25	104	0	27	1	24	1	10	2
26	94	1	79	1	78	1	6	2
27	116	0	44	1	34	1	4	2
28	96	0	91	0	45	1	3	2
29	84	0	55	1	40	1	2	2
30	87	1	71	1	50	1	6	2
46	2507005
587	233	220
30
1	86	0	58	1	36	1	5	1
2	71	0	69	0	22	1	1	1
3	108	0	78	1	54	1	3	1
4	104	1	58	1	57	1	3	1
5	96	1	65	1	58	1	6	1
6	58	0	37	1	26	1	3	1
7	73	1	72	1	49	1	5	1
8	98	1	67	1	56	1	2	1
9	117	0	89	0	23	1	6	1
10	109	1	76	1	73	1	4	1
11	95	0	61	1	34	1	3	1
12	106	0	73	1	49	1	4	1
13	66	1	39	1	35	1	5	1
14	82	1	76	1	43	1	4	1
15	93	0	87	0	26	1	3	1
16	68	1	64	1	63	1	4	2
17	70	0	53	1	30	1	1	2
18	68	0	65	0	30	1	4	2
19	94	0	57	0	26	1	3	2
20	104	0	79	0	38	1	2	2
21	47	1	47	1	46	1	1	2
22	111	0	52	0	20	1	5	2
23	85	0	70	0	23	1	5	2
24	89	0	58	1	33	1	6	2
25	92	1	74	1	66	1	4	2
26	75	1	65	1	50	1	6	2
27	111	1	99	1	64	1	3	2
28	99	1	65	1	62	1	5	2
29	94	0	53	0	25	1	2	2
30	81	1	64	1	43	1	5	2
47	2507105
587	233	220
30
1	118	0	54	1	42	1	5	1
2	112	0	95	0	20	1	3	1
3	118	0	38	1	37	1	5	1
4	76	0	38	1	38	1	5	1
5	100	0	56	1	34	1	4	1
6	100	0	73	1	50	1	2	1
7	75	0	58	1	36	1	3	1
8	76	1	51	1	41	1	8	1
9	82	0	75	1	39	1	4	1
10	84	1	76	1	44	1	9	1
11	80	1	68	1	50	1	2	1
12	61	0	46	1	28	1	7	1
13	80	1	75	1	51	1	6	1
14	92	1	62	1	49	1	5	1
15	72	0	48	0	21	1	5	1
16	54	1	37	1	33	1	6	2
17	46	1	37	1	34	1	4	2
18	109	0	37	1	24	1	4	2
19	63	1	56	1	33	1	2	2
20	111	1	62	1	61	1	3	2
21	78	0	53	1	30	1	4	2
22	55	1	50	1	47	1	6	2
23	86	0	79	0	33	1	4	2
24	92	0	90	0	29	1	5	2
25	120	1	80	1	64	1	4	2
26	71	0	37	1	22	1	5	2
27	106	0	88	0	22	1	2	2
28	120	0	31	1	23	1	2	2
29	104	1	70	1	66	1	7	2
30	78	1	76	1	75	1	6	2
48	2507205
587	233	220
30
1	59	1	49	1	48	1	3	1
2	79	1	63	1	46	1	1	1
3	95	0	58	1	38	1	4	1
4	95	0	79	1	47	1	4	1
5	72	0	46	1	27	1	2	1
6	88	1	74	1	72	1	3	1
7	90	1	77	1	67	1	4	1
8	96	0	59	1	36	1	7	1
9	62	1	55	1	46	1	4	1
10	92	0	77	1	43	1	3	1
11	100	0	66	1	41	1	3	1
12	76	1	72	1	44	1	6	1
13	95	0	68	1	35	1	5	1
14	108	0	66	1	48	1	3	1
15	86	1	78	1	52	1	4	1
16	92	0	86	0	40	1	2	2
17	66	1	39	1	38	1	6	2
18	85	1	80	1	59	1	4	2
19	86	0	71	0	33	1	3	2
20	118	0	45	1	23	1	6	2
21	73	0	60	1	33	1	4	2
22	90	1	74	1	48	1	2	2
23	88	0	86	0	42	1	2	2
24	92	1	76	1	62	1	7	2
25	82	1	68	1	53	1	3	2
26	84	1	66	1	55	1	4	2
27	102	0	77	1	42	1	5	2
28	87	0	43	1	39	1	6	2
29	114	0	79	1	40	1	2	2
30	92	1	71	1	47	1	1	2
49	2507305
587	233	220
30
1	91	0	54	1	45	1	5	1
2	105	1	77	1	72	1	4	1
3	79	1	78	1	48	1	3	1
4	109	1	76	1	59	1	4	1
5	48	1	37	1	30	1	4	1
6	44	1	37	1	27	1	3	1
7	79	1	76	1	54	1	5	1
8	116	0	78	0	20	1	5	1
9	101	0	71	1	49	1	3	1
10	102	0	100	0	49	1	3	1
11	105	0	43	1	22	1	5	1
12	107	1	84	1	61	1	5	1
13	110	0	71	0	23	1	4	1
14	75	0	39	1	34	1	1	1
15	73	0	47	1	32	1	4	1
16	60	0	60	0	25	1	2	2
17	43	1	33	1	31	1	4	2
18	100	1	74	1	57	1	5	2
19	93	0	47	1	41	1	1	2
20	45	1	33	1	28	1	4	2
21	66	1	65	1	55	1	5	2
22	46	1	40	1	33	1	2	2
23	97	1	87	1	51	1	4	2
24	94	0	59	1	34	1	5	2
25	56	1	45	1	42	1	3	2
26	62	0	55	0	27	1	6	2
27	97	1	67	1	61	1	6	2
28	63	1	53	1	46	1	6	2
29	85	0	33	1	30	1	7	2
30	105	1	80	1	66	1	4	2
50	2507405
587	233	220
30
1	60	1	40	1	32	1	2	1
2	98	1	75	1	55	1	3	1
3	60	1	59	1	39	1	3	1
4	81	0	56	1	40	1	4	1
5	119	0	34	1	25	1	6	1
6	107	0	61	1	42	1	5	1
7	108	0	85	0	20	1	8	1
8	97	0	66	1	45	1	8	1
9	66	0	35	1	26	1	7	1
10	69	0	32	1	20	1	4	1
11	78	0	63	1	38	1	6	1
12	95	0	77	1	47	1	3	1
13	40	1	34	1	30	1	1	1
14	88	0	42	0	20	1	4	1
15	103	1	84	1	69	1	3	1
16	119	0	72	0	34	1	3	2
17	115	0	61	1	47	1	4	2
18	68	0	50	1	28	1	3	2
19	71	0	63	0	24	1	7	2
20	87	0	68	1	40	1	5	2
21	96	0	73	1	37	1	5	2
22	68	1	67	1	45	1	5	2
23	106	1	88	1	60	1	8	2
24	96	0	66	1	43	1	4	2
25	98	0	45	1	32	1	4	2
26	60	0	58	0	27	1	2	2
27	92	0	56	0	20	1	7	2
28	111	0	54	0	22	1	5	2
29	54	1	43	1	43	1	2	2
30	119	0	61	1	52	1	6	2
51	2507505
587	233	220
30
1	66	1	64	1	36	1	3	1
2	97	1	73	1	49	1	2	1
3	69	1	60	1	43	1	3	1
4	52	0	37	1	20	1	2	1
5	109	0	63	1	37	1	7	1
6	79	0	57	0	24	1	8	1
7	95	0	72	0	22	1	8	1
8	65	1	50	1	39	1	5	1
9	98	0	42	1	30	1	7	1
10	53	1	40	1	36	1	3	1
11	82	1	54	1	51	1	2	1
12	77	0	33	1	31	1	8	1
13	66	1	56	1	49	1	7	1
14	101	1	68	1	62	1	10	1
15	82	1	64	1	46	1	5	1
16	88	1	83	1	58	1	5	2
17	108	0	51	1	29	1	7	2
18	91	1	76	1	62	1	3	2
19	61	0	32	1	25	1	4	2
20	70	0	47	1	30	1	4	2
21	80	1	79	1	52	1	5	2
22	103	0	43	1	33	1	5	2
23	115	1	88	1	70	1	4	2
24	98	0	38	1	26	1	4	2
25	60	0	33	1	21	1	5	2
26	74	0	54	1	33	1	5	2
27	87	0	45	1	39	1	7	2
28	77	1	62	1	42	1	4	2
29	100	1	56	1	54	1	4	2
30	55	0	42	1	24	1	4	2
52	2507605
587	233	220
30
1	96	0	72	0	31	1	3	1
2	75	1	72	1	47	1	6	1
3	80	0	25	1	20	1	3	1
4	114	1	94	1	61	1	4	1
5	100	0	40	1	39	1	7	1
6	72	1	51	1	48	1	4	1
7	36	1	28	1	24	1	6	1
8	85	0	58	1	35	1	2	1
9	85	1	84	1	58	1	4	1
10	95	0	48	0	24	1	2	1
11	115	0	70	0	25	1	2	1
12	108	0	49	1	42	1	3	1
13	73	0	64	0	26	1	4	1
14	68	1	54	1	35	1	4	1
15	83	1	62	1	60	1	8	1
16	57	1	56	1	43	1	2	2
17	101	1	57	1	56	1	3	2
18	56	1	48	1	42	1	4	2
19	93	0	55	1	38	1	4	2
20	53	1	53	1	53	1	2	2
21	85	1	83	1	63	1	1	2
22	61	1	46	1	41	1	2	2
23	89	0	79	0	33	1	8	2
24	100	1	85	1	71	1	4	2
25	114	1	97	1	71	1	5	2
26	66	1	50	1	45	1	5	2
27	82	0	59	1	34	1	2	2
28	69	1	62	1	44	1	7	2
29	69	1	68	1	64	1	4	2
30	57	1	56	1	50	1	7	2
53	2507705
587	233	220
30
1	78	0	37	1	27	1	5	1
2	89	0	70	0	25	1	5	1
3	90	0	84	0	41	1	10	1
4	85	0	75	1	42	1	7	1
5	91	0	77	1	44	1	5	1
6	114	1	87	1	71	1	3	1
7	90	0	37	1	25	1	4	1
8	105	1	80	1	77	1	4	1
9	74	1	71	1	50	1	5	1
10	62	1	57	1	55	1	4	1
11	89	0	45	1	26	1	4	1
12	65	1	54	1	47	1	5	1
13	79	0	62	0	28	1	4	1
14	84	0	40	1	35	1	7	1
15	55	1	44	1	42	1	3	1
16	115	0	30	1	29	1	4	2
17	93	0	60	0	25	1	3	2
18	96	1	83	1	50	1	3	2
19	86	1	75	1	62	1	3	2
20	76	0	60	1	36	1	2	2
21	92	0	45	1	39	1	5	2
22	81	0	39	1	27	1	4	2
23	90	0	42	1	27	1	6	2
24	102	0	69	1	43	1	1	2
25	85	1	76	1	61	1	5	2
26	93	0	46	1	38	1	7	2
27	99	1	78	1	77	1	4	2
28	101	0	77	0	21	1	5	2
29	74	0	39	1	20	1	4	2
30	69	0	45	1	29	1	2	2
54	2507805
587	233	220
30
1	99	0	68	0	23	1	8	1
2	68	1	52	1	40	1	8	1
3	101	1	66	1	61	1	6	1
4	57	0	56	0	22	1	4	1
5	81	1	54	1	47	1	6	1
6	86	0	34	1	25	1	4	1
7	54	0	46	1	27	1	7	1
8	95	0	65	1	34	1	4	1
9	105	0	57	1	29	1	4	1
10	120	0	63	0	28	1	5	1
11	64	1	62	1	42	1	5	1
12	78	0	65	0	21	1	5	1
13	98	0	94	0	45	1	7	1
14	94	0	58	0	26	1	4	1
15	113	0	81	1	51	1	5	1
16	83	1	80	1	76	1	5	2
17	86	1	64	1	53	1	5	2
18	68	0	44	1	33	1	2	2
19	52	1	40	1	31	1	5	2
20	95	0	67	1	38	1	2	2
21	98	0	70	0	27	1	3	2
22	116	0	54	1	37	1	4	2
23	90	0	51	1	36	1	2	2
24	104	0	75	1	52	1	6	2
25	74	1	50	1	39	1	2	2
26	71	1	64	1	41	1	3	2
27	88	0	72	1	37	1	3	2
28	85	0	68	1	41	1	4	2
29	84	0	84	0	33	1	3	2
30	83	0	62	1	40	1	3	2
55	2507905
587	233	220
30
1	100	0	94	0	28	1	3	1
2	81	1	78	1	66	1	7	1
3	111	0	49	0	21	1	7	1
4	119	0	63	1	37	1	5	1
5	72	0	50	1	30	1	5	1
6	58	1	58	1	40	1	5	1
7	108	0	55	1	29	1	3	1
8	54	1	49	1	38	1	5	1
9	69	1	46	1	44	1	5	1
10	88	1	71	1	61	1	7	1
11	83	0	58	1	35	1	6	1
12	108	0	77	0	37	1	3	1
13	108	1	62	1	57	1	6	1
14	73	0	61	1	31	1	5	1
15	92	0	46	1	43	1	5	1
16	62	1	53	1	51	1	7	2
17	79	0	69	0	20	1	8	2
18	74	1	39	1	38	1	6	2
19	92	0	70	0	28	1	3	2
20	78	1	73	1	61	1	2	2
21	105	0	70	0	26	1	7	2
22	60	0	35	1	20	1	7	2
23	91	0	60	1	45	1	5	2
24	105	0	47	1	36	1	6	2
25	92	0	62	1	39	1	3	2
26	43	1	37	1	35	1	5	2
27	78	1	67	1	56	1	5	2
28	93	0	61	1	34	1	2	2
29	94	0	54	1	45	1	5	2
30	97	0	35	1	34	1	8	2
56	2508005
587	233	220
30
1	90	0	41	1	34	1	5	1
2	64	0	32	1	28	1	9	1
3	42	1	31	1	31	1	9	1
4	94	0	90	0	44	1	7	1
5	68	1	63	1	53	1	3	1
6	55	0	30	1	21	1	3	1
7	72	0	64	0	31	1	4	1
8	75	0	56	1	34	1	3	1
9	62	0	34	1	31	1	5	1
10	79	0	55	1	32	1	3	1
11	99	0	74	0	27	1	4	1
12	89	1	54	1	48	1	2	1
13	93	0	78	0	32	1	2	1
14	119	0	80	1	59	1	4	1
15	80	1	72	1	42	1	5	1
16	111	0	47	1	27	1	2	2
17	73	1	72	1	49	1	5	2
18	115	0	87	0	32	1	4	2
19	100	1	66	1	61	1	3	2
20	80	0	61	0	23	1	4	2
21	111	0	57	1	52	1	2	2
22	94	0	47	1	33	1	6	2
23	91	1	69	1	55	1	3	2
24	107	1	95	1	80	1	6	2
25	54	1	50	1	29	1	2	2
26	82	0	76	0	33	1	6	2
27	76	1	67	1	62	1	6	2
28	100	0	92	0	20	1	4	2
29	104	1	99	1	58	1	2	2
30	111	0	67	0	29	1	5	2
57	2508105
587	233	220
30
1	85	0	73	1	40	1	3	1
2	73	1	62	1	54	1	1	1
3	90	0	63	1	41	1	3	1
4	75	0	61	0	24	1	5	1
5	57	1	53	1	44	1	4	1
6	93	0	70	1	45	1	3	1
7	73	0	36	1	33	1	2	1
8	95	1	80	1	75	1	2	1
9	93	1	89	1	78	1	6	1
10	113	1	87	1	65	1	5	1
11	72	0	46	1	30	1	2	1
12	100	1	78	1	70	1	4	1
13	53	1	47	1	34	1	3	1
14	87	1	54	1	46	1	2	1
15	52	1	41	1	37	1	7	1
16	79	0	76	0	33	1	4	2
17	77	1	77	1	65	1	4	2
18	65	0	59	0	27	1	1	2
19	54	1	42	1	31	1	4	2
20	87	1	45	1	44	1	6	2
21	118	0	89	0	35	1	2	2
22	74	0	38	1	31	1	5	2
23	92	1	77	1	64	1	3	2
24	109	0	78	1	52	1	6	2
25	108	0	79	0	38	1	4	2
26	120	0	54	1	48	1	4	2
27	57	1	56	1	34	1	4	2
28	58	1	40	1	32	1	4	2
29	114	1	71	1	69	1	3	2
30	100	0	39	1	33	1	4	2
58	2508205
587	233	220
30
1	105	0	81	1	46	1	5	1
2	115	1	81	1	61	1	6	1
3	72	0	51	0	23	1	6	1
4	65	1	56	1	33	1	3	1
5	60	0	44	0	21	1	2	1
6	85	1	69	1	65	1	3	1
7	90	0	82	0	35	1	6	1
8	115	1	94	1	64	1	4	1
9	80	0	53	1	33	1	1	1
10	95	0	81	0	37	1	3	1
11	66	1	46	1	45	1	4	1
12	109	0	36	1	25	1	4	1
13	89	1	62	1	50	1	6	1
14	54	0	32	1	27	1	4	1
15	79	0	33	1	32	1	3	1
16	80	1	50	1	47	1	7	2
17	81	1	57	1	44	1	2	2
18	107	0	31	1	21	1	4	2
19	91	1	85	1	80	1	5	2
20	93	0	68	0	27	1	5	2
21	78	0	44	1	33	1	8	2
22	73	0	40	1	29	1	4	2
23	93	1	86	1	73	1	5	2
24	111	0	62	0	23	1	3	2
25	70	0	68	0	27	1	1	2
26	116	0	25	1	20	1	4	2
27	54	1	52	1	45	1	3	2
28	116	0	60	1	40	1	1	2
29	38	1	33	1	22	1	6	2
30	95	0	71	1	47	1	7	2
59	2508305
587	233	220
30
1	76	1	52	1	46	1	6	1
2	66	0	59	1	31	1	6	1
3	62	1	55	1	44	1	4	1
4	95	0	46	1	36	1	5	1
5	63	1	59	1	35	1	5	1
6	100	0	37	1	32	1	7	1
7	91	0	54	1	37	1	3	1
8	49	1	44	1	36	1	5	1
9	109	0	66	1	49	1	6	1
10	69	0	48	1	27	1	3	1
11	109	1	85	1	62	1	2	1
12	48	1	47	1	42	1	3	1
13	77	1	67	1	48	1	2	1
14	112	1	79	1	76	1	4	1
15	102	0	40	1	28	1	5	1
16	106	1	99	1	65	1	3	2
17	86	1	73	1	50	1	6	2
18	79	1	76	1	57	1	7	2
19	61	1	56	1	39	1	5	2
20	100	0	86	0	30	1	5	2
21	75	1	60	1	39	1	4	2
22	108	0	67	0	27	1	5	2
23	95	0	93	0	21	1	6	2
24	113	0	56	1	45	1	3	2
25	91	0	57	1	33	1	4	2
26	112	0	72	1	53	1	3	2
27	73	0	47	1	34	1	2	2
28	82	1	80	1	47	1	4	2
29	84	0	44	1	35	1	4	2
30	90	0	61	1	43	1	3	2
60	2508405
587	233	220
30
1	78	1	72	1	58	1	6	1
2	107	1	57	1	57	1	3	1
3	72	1	64	1	37	1	4	1
4	93	0	66	0	26	1	7	1
5	116	0	67	1	35	1	4	1
6	101	0	56	1	39	1	3	1
7	108	0	100	0	39	1	10	1
8	64	1	55	1	33	1	5	1
9	73	1	65	1	53	1	10	1
10	106	0	41	1	35	1	6	1
11	82	0	78	0	28	1	4	1
12	79	1	59	1	58	1	5	1
13	92	0	84	0	22	1	5	1
14	80	1	65	1	50	1	3	1
15	82	0	77	0	24	1	3	1
16	74	1	73	1	51	1	4	2
17	90	0	43	1	40	1	2	2
18	98	1	70	1	51	1	2	2
19	69	0	32	1	30	1	5	2
20	107	0	69	1	53	1	6	2
21	46	1	42	1	31	1	4	2
22	51	0	34	1	25	1	4	2
23	104	0	94	0	31	1	3	2
24	115	0	29	1	28	1	4	2
25	86	1	79	1	47	1	3	2
26	108	0	44	1	25	1	3	2
27	99	0	42	1	32	1	6	2
28	55	1	49	1	39	1	4	2
29	54	1	53	1	48	1	5	2
30	85	1	76	1	75	1	3	2
61	2508505
587	233	220
30
1	109	1	68	1	64	1	1	1
2	84	1	58	1	55	1	4	1
3	96	0	83	0	24	1	4	1
4	74	0	67	1	37	1	2	1
5	107	1	73	1	70	1	2	1
6	80	1	73	1	54	1	2	1
7	72	0	41	1	33	1	1	1
8	84	1	79	1	74	1	4	1
9	40	0	37	1	20	1	7	1
10	74	1	73	1	42	1	5	1
11	55	1	48	1	33	1	3	1
12	109	1	74	1	70	1	4	1
13	107	0	44	1	39	1	3	1
14	99	0	51	1	47	1	3	1
15	80	0	62	1	38	1	5	1
16	46	1	43	1	37	1	6	2
17	94	0	69	1	36	1	3	2
18	98	0	64	1	48	1	4	2
19	99	1	91	1	70	1	4	2
20	113	0	76	1	52	1	1	2
21	62	0	52	0	24	1	2	2
22	99	1	86	1	61	1	4	2
23	113	0	95	0	40	1	3	2
24	117	1	88	1	60	1	3	2
25	67	1	48	1	36	1	3	2
26	103	1	91	1	58	1	2	2
27	88	0	51	1	37	1	4	2
28	106	1	63	1	59	1	3	2
29	98	1	64	1	61	1	7	2
30	88	1	80	1	48	1	2	2
62	2508605
587	233	220
30
1	70	1	63	1	50	1	4	1
2	100	0	53	1	34	1	7	1
3	93	0	78	1	45	1	6	1
4	100	0	55	1	48	1	5	1
5	98	1	73	1	50	1	4	1
6	69	1	45	1	43	1	3	1
7	43	1	42	1	36	1	7	1
8	104	1	92	1	63	1	2	1
9	93	0	36	1	26	1	5	1
10	50	1	45	1	41	1	7	1
11	119	0	67	1	50	1	3	1
12	82	0	49	1	30	1	4	1
13	80	0	55	1	31	1	3	1
14	105	0	73	1	37	1	7	1
15	76	1	76	1	42	1	4	1
16	102	0	96	0	22	1	4	2
17	120	0	99	0	36	1	5	2
18	89	1	70	1	58	1	1	2
19	60	1	54	1	46	1	2	2
20	120	0	38	1	35	1	3	2
21	94	1	68	1	59	1	5	2
22	98	0	30	1	27	1	4	2
23	95	0	49	1	31	1	5	2
24	118	0	72	0	32	1	5	2
25	102	0	56	0	25	1	8	2
26	99	0	62	0	30	1	5	2
27	78	0	71	0	32	1	1	2
28	79	1	73	1	71	1	4	2
29	74	1	73	1	68	1	3	2
30	102	0	74	0	20	1	9	2
63	2508705
587	233	220
30
1	82	1	76	1	59	1	3	1
2	60	1	51	1	50	1	2	1
3	104	1	66	1	61	1	2	1
4	71	0	36	1	28	1	6	1
5	89	0	77	0	26	1	2	1
6	108	1	84	1	66	1	4	1
7	90	0	51	1	45	1	2	1
8	48	1	35	1	33	1	4	1
9	89	1	57	1	52	1	6	1
10	99	1	77	1	58	1	7	1
11	92	1	86	1	66	1	2	1
12	93	0	80	1	46	1	2	1
13	72	1	45	1	39	1	5	1
14	73	0	46	1	24	1	3	1
15	112	0	71	1	37	1	5	1
16	70	1	69	1	69	1	5	2
17	112	0	64	0	27	1	4	2
18	52	1	42	1	39	1	6	2
19	120	0	84	0	23	1	2	2
20	94	0	61	1	36	1	6	2
21	65	1	50	1	49	1	5	2
22	96	1	65	1	54	1	3	2
23	96	0	58	1	40	1	1	2
24	120	0	65	1	55	1	5	2
25	76	1	64	1	44	1	4	2
26	95	0	63	1	34	1	4	2
27	119	0	67	0	29	1	8	2
28	78	0	39	1	38	1	3	2
29	84	0	37	1	25	1	3	2
30	116	0	69	1	53	1	5	2
64	2508805
587	233	220
30
1	114	0	54	0	20	1	6	1
2	92	1	87	1	50	1	4	1
3	114	0	43	1	26	1	4	1
4	93	0	69	1	42	1	4	1
5	80	1	79	1	64	1	2	1
6	99	0	80	0	29	1	4	1
7	60	1	54	1	47	1	4	1
8	54	1	53	1	32	1	2	1
9	113	1	75	1	68	1	3	1
10	67	1	66	1	49	1	1	1
11	65	0	30	1	21	1	6	1
12	110	0	63	0	29	1	6	1
13	75	0	60	0	27	1	7	1
14	95	0	71	1	40	1	12	1
15	92	1	74	1	67	1	3	1
16	55	1	43	1	38	1	2	2
17	105	0	32	1	31	1	9	2
18	90	1	81	1	46	1	5	2
19	90	0	60	1	38	1	6	2
20	77	0	42	1	22	1	6	2
21	81	0	72	0	32	1	1	2
22	99	0	94	0	20	1	4	2
23	97	1	68	1	49	1	5	2
24	38	1	37	1	31	1	5	2
25	118	0	65	0	32	1	3	2
26	91	0	81	0	35	1	6	2
27	114	0	56	1	49	1	3	2
28	97	1	86	1	58	1	6	2
29	94	0	83	0	38	1	4	2
30	64	0	39	1	25	1	3	2
65	2508905
587	233	220
30
1	55	0	50	1	26	1	1	1
2	48	1	42	1	37	1	5	1
3	47	1	34	1	26	1	3	1
4	104	0	74	1	50	1	6	1
5	83	0	70	1	40	1	3	1
6	53	1	52	1	38	1	4	1
7	108	0	69	1	49	1	5	1
8	78	1	73	1	72	1	2	1
9	77	0	62	0	24	1	7	1
10	74	0	34	1	21	1	4	1
11	49	1	38	1	37	1	4	1
12	79	1	50	1	40	1	5	1
13	75	0	44	1	35	1	7	1
14	98	1	69	1	57	1	5	1
15	72	0	62	1	36	1	2	1
16	98	0	93	0	41	1	5	2
17	98	0	60	1	35	1	7	2
18	62	0	40	1	31	1	4	2
19	68	1	59	1	37	1	6	2
20	60	1	49	1	45	1	5	2
21	78	0	75	0	36	1	2	2
22	92	0	47	1	43	1	6	2
23	97	1	77	1	58	1	6	2
24	98	0	69	0	33	1	5	2
25	97	1	80	1	54	1	4	2
26	87	1	68	1	52	1	4	2
27	109	0	68	1	45	1	5	2
28	94	1	78	1	64	1	5	2
29	104	0	52	1	50	1	1	2
30	59	1	58	1	52	1	3	2
66	2509005
587	233	220
30
1	87	0	45	1	32	1	10	1
2	84	1	63	1	46	1	5	1
3	84	1	67	1	44	1	4	1
4	76	0	55	1	30	1	4	1
5	87	1	78	1	61	1	3	1
6	115	0	77	1	53	1	6	1
7	78	1	72	1	51	1	6	1
8	93	1	91	1	62	1	2	1
9	48	1	41	1	40	1	4	1
10	92	1	82	1	53	1	3	1
11	102	1	69	1	54	1	3	1
12	80	0	52	1	34	1	2	1
13	90	1	71	1	60	1	5	1
14	66	1	43	1	42	1	8	1
15	73	1	58	1	52	1	3	1
16	66	0	66	0	26	1	6	2
17	91	0	40	1	28	1	4	2
18	72	0	34	1	33	1	2	2
19	120	1	98	1	74	1	4	2
20	68	1	56	1	43	1	4	2
21	84	1	68	1	57	1	3	2
22	90	1	78	1	74	1	2	2
23	98	0	67	0	25	1	4	2
24	81	0	41	1	35	1	4	2
25	85	0	44	1	42	1	5	2
26	100	0	83	0	40	1	3	2
27	104	0	34	1	27	1	6	2
28	37	1	30	1	25	1	5	2
29	115	1	98	1	63	1	1	2
30	66	0	54	1	30	1	4	2
67	2509105
587	233	220
30
1	119	0	41	1	38	1	2	1
2	90	0	44	1	35	1	5	1
3	67	0	55	0	27	1	2	1
4	71	1	47	1	36	1	6	1
5	90	1	55	1	51	1	1	1
6	87	0	68	1	40	1	4	1
7	87	0	53	1	36	1	4	1
8	113	0	47	1	34	1	1	1
9	97	0	56	1	35	1	3	1
10	90	0	60	0	25	1	6	1
11	88	1	75	1	70	1	4	1
12	111	0	64	1	51	1	5	1
13	105	0	77	0	31	1	4	1
14	91	0	33	1	29	1	7	1
15	53	1	34	1	31	1	8	1
16	73	0	40	1	34	1	3	2
17	84	1	56	1	44	1	3	2
18	113	0	81	0	29	1	3	2
19	89	1	53	1	51	1	7	2
20	62	0	30	1	26	1	2	2
21	99	0	91	0	40	1	4	2
22	113	0	88	0	40	1	7	2
23	99	0	76	0	34	1	3	2
24	74	0	65	1	37	1	9	2
25	96	0	73	0	33	1	10	2
26	78	1	73	1	71	1	2	2
27	99	0	99	0	46	1	6	2
28	88	0	57	1	33	1	4	2
29	76	0	67	1	34	1	6	2
30	80	1	63	1	48	1	5	2
68	2509205
587	233	220
30
1	60	1	44	1	36	1	2	1
2	76	1	42	1	40	1	6	1
3	65	1	49	1	48	1	1	1
4	109	0	92	1	51	1	5	1
5	93	0	42	1	31	1	5	1
6	83	1	64	1	59	1	2	1
7	96	1	90	1	55	1	3	1
8	52	1	42	1	31	1	1	1
9	98	1	72	1	61	1	1	1
10	118	0	98	1	57	1	6	1
11	48	1	31	1	25	1	3	1
12	75	1	67	1	50	1	2	1
13	120	0	66	0	32	1	5	1
14	91	1	76	1	65	1	4	1
15	102	0	71	1	49	1	3	1
16	93	1	89	1	59	1	4	2
17	76	0	48	0	23	1	5	2
18	63	0	53	0	23	1	4	2
19	83	0	59	0	27	1	5	2
20	85	1	69	1	53	1	5	2
21	97	0	55	0	22	1	4	2
22	86	1	67	1	56	1	6	2
23	99	0	85	1	44	1	5	2
24	48	1	46	1	39	1	5	2
25	61	0	58	0	22	1	6	2
26	74	1	45	1	42	1	4	2
27	94	1	88	1	66	1	5	2
28	77	1	54	1	41	1	4	2
29	44	1	37	1	27	1	5	2
30	94	0	43	1	35	1	2	2
69	2509305
587	233	220
30
1	91	0	50	1	32	1	6	1
2	118	0	66	1	40	1	5	1
3	75	0	69	0	32	1	7	1
4	81	0	73	0	32	1	8	1
5	97	0	69	0	33	1	5	1
6	97	0	31	1	27	1	1	1
7	57	1	54	1	29	1	5	1
8	77	1	71	1	62	1	2	1
9	116	0	84	0	27	1	6	1
10	85	0	30	1	29	1	6	1
11	112	0	51	1	41	1	1	1
12	87	0	81	0	23	1	7	1
13	49	1	44	1	26	1	3	1
14	63	1	59	1	38	1	8	1
15	82	0	44	1	33	1	3	1
16	63	1	61	1	44	1	5	2
17	69	1	53	1	52	1	5	2
18	104	0	78	0	25	1	2	2
19	119	0	65	1	37	1	3	2
20	76	1	76	1	68	1	5	2
21	104	1	86	1	65	1	4	2
22	91	0	84	0	34	1	5	2
23	100	1	93	1	53	1	4	2
24	78	0	40	1	31	1	3	2
25	112	0	73	1	50	1	4	2
26	89	1	78	1	70	1	5	2
27	89	0	78	0	24	1	3	2
28	112	0	49	1	36	1	3	2
29	82	0	54	1	40	1	3	2
30	107	0	67	1	38	1	3	2
70	2509405
587	233	220
30
1	56	0	32	1	28	1	1	1
2	92	0	68	1	39	1	4	1
3	90	0	86	0	29	1	4	1
4	73	1	54	1	52	1	5	1
5	114	0	100	0	45	1	3	1
6	94	0	51	1	36	1	5	1
7	108	0	59	1	38	1	2	1
8	89	1	82	1	61	1	5	1
9	81	1	71	1	43	1	4	1
10	61	1	53	1	37	1	5	1
11	85	1	70	1	58	1	5	1
12	111	0	98	0	39	1	7	1
13	66	1	62	1	59	1	7	1
14	117	0	87	1	49	1	3	1
15	70	1	62	1	40	1	6	1
16	36	1	30	1	30	1	4	2
17	80	1	62	1	57	1	2	2
18	73	1	72	1	54	1	7	2
19	89	0	67	1	41	1	2	2
20	82	0	51	1	38	1	3	2
21	110	0	47	1	42	1	3	2
22	82	0	61	1	35	1	5	2
23	102	1	100	1	62	1	3	2
24	91	0	50	1	42	1	2	2
25	74	1	62	1	38	1	4	2
26	66	1	61	1	50	1	4	2
27	84	1	67	1	44	1	4	2
28	78	1	56	1	56	1	3	2
29	64	1	53	1	52	1	4	2
30	39	1	33	1	30	1	3	2
71	2509505
587	233	220
30
1	99	1	64	1	62	1	5	1
2	110	0	43	1	37	1	9	1
3	96	1	73	1	50	1	6	1
4	114	0	53	1	35	1	4	1
5	105	0	27	1	22	1	4	1
6	75	1	66	1	51	1	6	1
7	72	1	61	1	48	1	2	1
8	102	0	46	1	32	1	3	1
9	59	1	57	1	45	1	2	1
10	111	0	45	1	33	1	2	1
11	90	1	74	1	58	1	4	1
12	55	1	51	1	34	1	5	1
13	98	0	73	0	21	1	4	1
14	85	0	61	1	35	1	2	1
15	41	1	35	1	31	1	4	1
16	89	1	86	1	77	1	7	2
17	61	1	55	1	47	1	5	2
18	96	0	66	1	45	1	3	2
19	98	1	79	1	58	1	7	2
20	89	0	61	1	34	1	5	2
21	117	0	73	0	29	1	5	2
22	80	0	70	0	27	1	6	2
23	111	0	71	0	25	1	1	2
24	74	0	44	0	22	1	5	2
25	51	1	36	1	26	1	4	2
26	62	0	32	1	22	1	3	2
27	79	1	63	1	56	1	3	2
28	76	1	64	1	45	1	5	2
29	97	1	74	1	66	1	4	2
30	72	0	44	1	28	1	4	2
72	2509605
587	233	220
30
1	96	1	95	1	68	1	4	1
2	69	1	61	1	35	1	3	1
3	107	1	70	1	55	1	2	1
4	92	0	85	0	34	1	4	1
5	96	0	60	1	31	1	4	1
6	66	1	38	1	38	1	4	1
7	63	1	57	1	36	1	3	1
8	51	1	31	1	31	1	3	1
9	100	0	75	1	44	1	4	1
10	78	1	66	1	53	1	3	1
11	33	1	32	1	29	1	3	1
12	81	1	72	1	45	1	8	1
13	88	0	57	1	38	1	6	1
14	52	0	34	1	21	1	5	1
15	112	0	69	0	31	1	5	1
16	63	1	59	1	57	1	4	2
17	76	1	65	1	48	1	7	2
18	92	0	60	1	46	1	5	2
19	118	0	55	1	52	1	4	2
20	96	0	93	0	22	1	6	2
21	73	0	32	1	29	1	4	2
22	104	1	78	1	54	1	3	2
23	120	0	80	0	26	1	6	2
24	58	1	54	1	46	1	7	2
25	90	0	90	0	40	1	5	2
26	79	1	58	1	55	1	3	2
27	74	0	45	0	22	1	3	2
28	102	0	72	0	35	1	7	2
29	84	1	78	1	67	1	2	2
30	98	0	58	1	44	1	3	2
73	2509705
587	233	220
30
1	90	0	73	1	37	1	3	1
2	102	0	95	0	33	1	3	1
3	117	0	38	1	30	1	3	1
4	75	1	73	1	57	1	2	1
5	86	0	36	1	34	1	6	1
6	101	1	81	1	62	1	5	1
7	90	1	66	1	65	1	3	1
8	76	1	69	1	51	1	4	1
9	65	0	30	1	30	1	5	1
10	61	1	46	1	37	1	9	1
11	96	0	52	1	45	1	7	1
12	112	0	57	0	27	1	4	1
13	103	1	93	1	54	1	4	1
14	110	1	84	1	68	1	4	1
15	92	0	30	1	27	1	5	1
16	116	0	48	1	33	1	6	2
17	70	1	43	1	40	1	8	2
18	87	1	64	1	54	1	3	2
19	88	0	82	0	32	1	2	2
20	102	0	76	1	45	1	7	2
21	60	1	55	1	39	1	4	2
22	76	0	48	0	20	1	5	2
23	38	1	29	1	26	1	4	2
24	48	1	41	1	26	1	5	2
25	79	0	52	1	30	1	4	2
26	53	1	51	1	27	1	4	2
27	69	0	41	1	34	1	4	2
28	79	1	69	1	55	1	5	2
29	94	0	36	1	30	1	6	2
30	93	1	77	1	71	1	6	2
74	2509805
587	233	220
30
1	86	1	79	1	69	1	3	1
2	53	1	46	1	31	1	4	1
3	96	0	51	1	37	1	3	1
4	119	0	55	1	54	1	3	1
5	77	0	74	0	37	1	4	1
6	96	0	73	0	24	1	5	1
7	75	1	67	1	54	1	4	1
8	88	1	71	1	61	1	3	1
9	120	0	93	0	46	1	1	1
10	104	1	70	1	69	1	6	1
11	72	1	69	1	61	1	5	1
12	68	1	51	1	43	1	3	1
13	118	0	71	1	53	1	3	1
14	78	1	57	1	54	1	2	1
15	72	0	67	0	22	1	3	1
16	84	0	82	0	34	1	3	2
17	74	0	72	0	33	1	3	2
18	48	1	37	1	36	1	2	2
19	69	1	57	1	36	1	4	2
20	109	1	68	1	59	1	6	2
21	92	0	45	1	37	1	5	2
22	83	1	74	1	47	1	6	2
23	47	1	38	1	27	1	6	2
24	100	0	59	1	50	1	1	2
25	106	1	80	1	67	1	3	2
26	98	0	60	1	49	1	3	2
27	99	1	64	1	60	1	6	2
28	87	0	75	0	35	1	4	2
29	105	0	81	1	43	1	1	2
30	88	1	85	1	49	1	4	2
75	2509905
587	233	220
30
1	101	0	81	0	24	1	7	1
2	94	0	72	0	29	1	5	1
3	79	1	72	1	47	1	3	1
4	90	0	36	1	35	1	5	1
5	68	1	51	1	40	1	5	1
6	48	1	45	1	35	1	2	1
7	108	1	84	1	69	1	1	1
8	91	0	45	1	31	1	5	1
9	84	1	80	1	62	1	8	1
10	77	1	71	1	41	1	5	1
11	91	0	78	1	42	1	7	1
12	82	1	80	1	60	1	5	1
13	89	0	42	1	26	1	2	1
14	45	1	41	1	30	1	6	1
15	79	0	51	1	29	1	4	1
16	56	0	53	0	20	1	2	2
17	117	0	78	0	39	1	6	2
18	84	0	78	1	42	1	7	2
19	118	0	66	1	46	1	1	2
20	116	0	42	1	30	1	3	2
21	80	1	51	1	47	1	4	2
22	117	1	74	1	73	1	4	2
23	56	0	47	1	28	1	7	2
24	84	0	52	1	31	1	5	2
25	69	1	68	1	55	1	5	2
26	69	0	45	1	32	1	1	2
27	88	1	80	1	59	1	1	2
28	95	0	93	0	34	1	3	2
29	115	0	55	1	51	1	5	2
30	99	0	83	0	21	1	5	2
76	2510005
587	233	220
30
1	77	0	42	1	30	1	2	1
2	98	0	45	1	28	1	4	1
3	61	1	58	1	32	1	3	1
4	92	1	77	1	61	1	2	1
5	58	0	44	1	27	1	5	1
6	108	0	72	1	50	1	4	1
7	93	1	72	1	71	1	4	1
8	111	0	49	1	30	1	4	1
9	79	1	66	1	49	1	7	1
10	85	0	74	1	39	1	4	1
11	106	0	34	1	33	1	6	1
12	113	1	91	1	76	1	3	1
13	57	1	49	1	43	1	5	1
14	103	0	80	0	27	1	3	1
15	74	0	66	0	31	1	6	1
16	112	0	66	0	29	1	7	2
17	110	1	83	1	67	1	7	2
18	119	0	56	1	36	1	6	2
19	97	0	87	0	22	1	4	2
20	53	0	31	1	25	1	5	2
21	79	1	62	1	58	1	2	2
22	71	1	61	1	40	1	4	2
23	65	0	56	0	28	1	2	2
24	67	1	63	1	53	1	5	2
25	59	1	43	1	30	1	3	2
26	65	1	41	1	41	1	6	2
27	78	0	54	1	38	1	2	2
28	59	0	54	0	27	1	5	2
29	96	0	68	0	34	1	6	2
30	113	0	78	1	54	1	3	2
77	2510105
587	233	220
30
1	73	0	73	0	36	1	6	1
2	87	0	49	1	26	1	7	1
3	68	1	53	1	44	1	5	1
4	73	0	57	1	33	1	3	1
5	65	1	49	1	47	1	3	1
6	80	0	65	1	35	1	3	1
7	72	0	35	1	26	1	6	1
8	75	1	68	1	40	1	7	1
9	104	0	53	1	34	1	5	1
10	97	0	93	0	45	1	14	1
11	79	1	54	1	49	1	2	1
12	52	1	32	1	27	1	6	1
13	84	1	72	1	59	1	5	1
14	74	1	71	1	53	1	6	1
15	102	0	70	0	27	1	3	1
16	80	1	79	1	52	1	3	2
17	102	0	87	0	35	1	6	2
18	70	0	31	1	27	1	8	2
19	60	1	57	1	51	1	5	2
20	84	0	76	0	38	1	3	2
21	64	1	45	1	34	1	8	2
22	96	1	69	1	68	1	8	2
23	74	0	66	0	29	1	2	2
24	55	1	51	1	35	1	3	2
25	84	0	48	1	32	1	5	2
26	88	0	37	1	37	1	6	2
27	67	1	58	1	49	1	1	2
28	117	0	74	0	34	1	3	2
29	66	0	44	0	20	1	2	2
30	73	0	35	1	26	1	4	2
78	2510205
587	233	220
30
1	105	0	68	1	42	1	6	1
2	75	0	37	1	24	1	6	1
3	79	0	73	0	26	1	4	1
4	95	0	53	1	38	1	6	1
5	50	1	41	1	40	1	6	1
6	80	1	59	1	52	1	6	1
7	90	0	74	0	35	1	3	1
8	87	1	60	1	60	1	6	1
9	68	1	50	1	39	1	4	1
10	78	0	64	0	25	1	8	1
11	73	1	65	1	52	1	5	1
12	83	0	48	1	38	1	8	1
13	87	1	76	1	44	1	1	1
14	60	0	38	1	26	1	2	1
15	82	1	65	1	64	1	6	1
16	52	1	48	1	38	1	6	2
17	95	1	91	1	63	1	4	2
18	111	0	75	0	25	1	5	2
19	117	0	81	0	36	1	5	2
20	67	1	45	1	38	1	8	2
21	71	0	66	0	27	1	6	2
22	67	1	40	1	34	1	2	2
23	83	0	75	0	30	1	7	2
24	68	0	57	1	34	1	4	2
25	96	0	46	1	37	1	6	2
26	70	0	59	1	33	1	8	2
27	77	1	56	1	45	1	3	2
28	83	0	42	1	33	1	5	2
29	54	1	35	1	32	1	5	2
30	67	1	59	1	49	1	12	2
79	2510305
587	233	220
30
1	64	1	48	1	46	1	7	1
2	79	0	25	1	22	1	2	1
3	89	0	85	0	33	1	6	1
4	79	0	66	1	34	1	9	1
5	79	0	54	1	31	1	10	1
6	115	0	95	0	22	1	6	1
7	76	1	54	1	44	1	8	1
8	80	0	44	1	29	1	5	1
9	66	0	33	1	26	1	6	1
10	50	1	32	1	32	1	8	1
11	116	0	93	0	21	1	5	1
12	113	0	64	1	50	1	5	1
13	101	0	80	0	31	1	6	1
14	96	0	76	1	46	1	3	1
15	61	0	61	0	26	1	5	1
16	108	0	26	1	23	1	12	2
17	96	0	88	0	31	1	5	2
18	80	1	61	1	47	1	5	2
19	87	0	74	0	35	1	5	2
20	61	1	51	1	50	1	6	2
21	97	1	77	1	70	1	4	2
22	74	1	65	1	61	1	4	2
23	92	0	30	1	23	1	5	2
24	94	0	59	1	40	1	4	2
25	100	0	84	0	27	1	4	2
26	120	0	42	1	31	1	9	2
27	45	1	40	1	36	1	4	2
28	53	1	50	1	50	1	10	2
29	81	1	64	1	45	1	2	2
30	63	0	62	0	31	1	3	2
80	2510405
587	233	220
30
1	78	1	59	1	54	1	2	1
2	120	0	52	0	20	1	8	1
3	100	1	67	1	54	1	7	1
4	91	0	59	1	37	1	4	1
5	112	0	57	1	56	1	5	1
6	88	0	46	1	34	1	5	1
7	108	0	78	1	53	1	2	1
8	100	0	48	1	29	1	6	1
9	89	0	88	0	21	1	2	1
10	90	0	40	1	21	1	5	1
11	89	0	37	1	36	1	5	1
12	62	0	53	0	20	1	10	1
13	116	0	48	1	40	1	3	1
14	64	0	49	1	32	1	9	1
15	63	1	56	1	41	1	5	1
16	76	1	75	1	70	1	2	2
17	100	1	81	1	59	1	6	2
18	102	1	95	1	74	1	4	2
19	66	1	56	1	50	1	8	2
20	58	0	33	1	22	1	5	2
21	84	1	53	1	52	1	2	2
22	109	0	63	0	27	1	1	2
23	101	0	32	1	31	1	2	2
24	77	1	72	1	61	1	4	2
25	77	1	72	1	62	1	2	2
26	115	1	78	1	75	1	4	2
27	55	1	35	1	34	1	4	2
28	107	1	72	1	57	1	2	2
29	74	1	58	1	50	1	3	2
30	77	1	63	1	57	1	4	2
81	2510505
587	233	220
30
1	110	0	60	1	55	1	1	1
2	80	1	78	1	71	1	3	1
3	110	0	75	1	50	1	4	1
4	100	0	72	1	40	1	2	1
5	103	0	60	1	32	1	3	1
6	70	1	60	1	49	1	2	1
7	80	1	72	1	62	1	3	1
8	120	1	74	1	67	1	4	1
9	75	0	52	1	37	1	6	1
10	57	1	54	1	48	1	4	1
11	62	1	55	1	53	1	6	1
12	83	0	73	0	36	1	2	1
13	75	1	64	1	40	1	2	1
14	98	0	80	0	31	1	6	1
15	112	0	100	1	52	1	2	1
16	56	1	49	1	44	1	5	2
17	74	0	28	1	26	1	1	2
18	68	1	67	1	52	1	5	2
19	116	0	96	0	27	1	4	2
20	92	0	65	1	45	1	6	2
21	90	0	84	0	34	1	2	2
22	61	1	54	1	53	1	1	2
23	109	0	42	1	31	1	4	2
24	63	1	60	1	44	1	5	2
25	115	1	66	1	61	1	4	2
26	111	0	49	1	47	1	2	2
27	99	0	75	0	30	1	3	2
28	74	0	65	0	31	1	7	2
29	96	1	85	1	70	1	7	2
30	90	0	52	1	35	1	5	2
82	2510605
587	233	220
30
1	65	1	51	1	50	1	3	1
2	113	0	78	0	28	1	6	1
3	120	0	35	1	32	1	6	1
4	71	0	53	0	20	1	2	1
5	94	1	70	1	64	1	3	1
6	64	0	33	1	32	1	6	1
7	71	0	35	1	21	1	3	1
8	85	1	59	1	49	1	5	1
9	108	0	62	1	53	1	4	1
10	116	0	56	0	25	1	4	1
11	75	0	69	1	35	1	6	1
12	114	0	85	1	53	1	2	1
13	55	0	35	1	20	1	7	1
14	89	1	72	1	66	1	3	1
15	92	1	62	1	47	1	4	1
16	103	0	99	0	42	1	3	2
17	66	0	55	1	32	1	6	2
18	93	0	62	1	39	1	5	2
19	86	1	64	1	50	1	3	2
20	75	1	71	1	68	1	2	2
21	96	0	78	1	40	1	6	2
22	88	0	59	0	20	1	3	2
23	118	0	51	1	32	1	6	2
24	77	1	65	1	44	1	3	2
25	78	1	56	1	49	1	7	2
26	107	1	96	1	80	1	3	2
27	116	0	89	0	33	1	5	2
28	73	1	51	1	40	1	2	2
29	95	0	65	0	22	1	5	2
30	104	0	68	1	47	1	6	2
83	2510705
587	233	220
30
1	83	1	71	1	46	1	10	1
2	76	1	63	1	54	1	5	1
3	91	0	56	1	40	1	3	1
4	61	1	42	1	34	1	5	1
5	84	1	67	1	47	1	4	1
6	95	1	79	1	57	1	5	1
7	90	0	80	0	23	1	5	1
8	69	0	43	1	28	1	5	1
9	72	1	69	1	48	1	5	1
10	83	1	64	1	58	1	2	1
11	99	0	94	0	24	1	2	1
12	96	1	69	1	53	1	7	1
13	71	1	70	1	36	1	1	1
14	57	1	52	1	45	1	4	1
15	99	0	71	1	43	1	2	1
16	72	0	71	0	27	1	4	2
17	59	0	37	1	22	1	4	2
18	86	1	56	1	44	1	6	2
19	80	1	55	1	41	1	4	2
20	78	0	58	1	30	1	5	2
21	103	1	71	1	60	1	2	2
22	57	1	47	1	31	1	8	2
23	60	1	36	1	33	1	4	2
24	66	0	48	1	27	1	7	2
25	45	1	40	1	37	1	3	2
26	103	1	68	1	52	1	5	2
27	111	0	78	1	53	1	7	2
28	98	1	81	1	71	1	4	2
29	105	0	35	1	35	1	5	2
30	118	0	41	1	40	1	3	2
84	2510805
587	233	220
30
1	114	0	77	1	42	1	7	1
2	105	1	81	1	74	1	2	1
3	76	1	73	1	50	1	3	1
4	104	0	91	0	41	1	8	1
5	75	0	70	0	23	1	5	1
6	93	0	67	0	20	1	4	1
7	89	0	54	0	25	1	3	1
8	89	0	46	1	28	1	7	1
9	36	1	35	1	24	1	6	1
10	72	0	50	1	29	1	6	1
11	72	1	41	1	38	1	9	1
12	84	0	32	1	24	1	3	1
13	85	0	53	1	31	1	5	1
14	115	0	94	0	38	1	3	1
15	60	1	51	1	38	1	5	1
16	74	1	46	1	40	1	6	2
17	52	1	50	1	41	1	4	2
18	85	1	58	1	50	1	10	2
19	116	0	78	0	34	1	5	2
20	85	0	53	1	41	1	2	2
21	109	0	42	1	26	1	5	2
22	74	1	66	1	55	1	7	2
23	69	0	45	1	33	1	6	2
24	87	0	68	0	20	1	5	2
25	94	0	34	1	25	1	6	2
26	99	0	39	1	24	1	4	2
27	106	1	72	1	67	1	4	2
28	88	0	65	0	30	1	3	2
29	115	0	80	1	48	1	5	2
30	73	0	41	1	36	1	4	2
85	2510905
587	233	220
30
1	55	0	37	1	22	1	5	1
2	72	0	55	1	31	1	4	1
3	61	1	56	1	36	1	5	1
4	76	0	72	0	22	1	4	1
5	74	1	66	1	61	1	4	1
6	43	1	39	1	32	1	4	1
7	108	0	98	0	27	1	7	1
8	109	1	73	1	65	1	7	1
9	97	0	92	0	40	1	6	1
10	109	1	80	1	62	1	3	1
11	57	1	57	1	45	1	7	1
12	114	0	43	1	41	1	3	1
13	100	1	69	1	67	1	2	1
14	82	0	68	0	24	1	4	1
15	97	0	34	1	31	1	6	1
16	99	1	95	1	60	1	2	2
17	79	1	45	1	45	1	3	2
18	44	1	35	1	30	1	5	2
19	85	1	65	1	55	1	7	2
20	100	1	91	1	76	1	3	2
21	116	0	58	0	24	1	3	2
22	101	0	53	1	40	1	2	2
23	79	0	54	1	34	1	5	2
24	70	1	70	1	53	1	5	2
25	90	0	56	0	23	1	4	2
26	95	1	86	1	57	1	4	2
27	101	0	56	1	31	1	3	2
28	96	0	50	1	31	1	7	2
29	60	1	50	1	34	1	3	2
30	54	1	45	1	31	1	6	2
86	2511005
587	233	220
30
1	87	0	33	1	28	1	4	1
2	97	1	70	1	57	1	6	1
3	71	1	57	1	38	1	7	1
4	63	1	53	1	47	1	5	1
5	77	0	56	1	37	1	5	1
6	102	0	67	1	47	1	2	1
7	72	0	31	1	29	1	7	1
8	84	0	58	1	38	1	3	1
9	84	1	57	1	56	1	5	1
10	88	0	76	0	33	1	6	1
11	109	1	76	1	73	1	5	1
12	57	1	55	1	54	1	4	1
13	115	0	26	1	25	1	6	1
14	71	1	50	1	41	1	4	1
15	102	0	59	0	29	1	3	1
16	69	1	67	1	45	1	9	2
17	50	1	46	1	38	1	3	2
18	78	0	76	0	38	1	5	2
19	95	0	55	1	31	1	6	2
20	98	0	83	0	38	1	5	2
21	89	0	67	0	31	1	6	2
22	68	1	51	1	45	1	6	2
23	63	0	35	1	27	1	4	2
24	72	0	53	0	25	1	3	2
25	109	1	78	1	74	1	5	2
26	90	0	58	0	29	1	3	2
27	96	0	50	1	45	1	5	2
28	89	0	70	0	28	1	3	2
29	95	0	73	1	44	1	1	2
30	78	0	68	0	26	1	9	2
87	2511105
587	233	220
30
1	119	0	34	1	28	1	6	1
2	84	1	69	1	48	1	4	1
3	97	1	82	1	78	1	3	1
4	109	0	43	1	33	1	5	1
5	80	1	75	1	47	1	1	1
6	74	0	62	0	30	1	6	1
7	40	1	35	1	31	1	5	1
8	58	0	43	1	26	1	5	1
9	111	1	73	1	71	1	6	1
10	95	0	66	1	43	1	7	1
11	96	0	82	0	28	1	6	1
12	84	1	73	1	66	1	4	1
13	62	1	42	1	38	1	4	1
14	108	1	91	1	58	1	4	1
15	96	0	81	0	25	1	2	1
16	42	1	35	1	31	1	4	2
17	75	0	54	1	30	1	5	2
18	117	0	50	1	33	1	5	2
19	115	0	68	1	49	1	6	2
20	105	1	66	1	60	1	4	2
21	50	1	45	1	38	1	9	2
22	79	0	50	1	34	1	5	2
23	72	0	36	1	35	1	2	2
24	74	0	57	1	37	1	6	2
25	72	1	66	1	63	1	6	2
26	86	0	62	0	29	1	3	2
27	91	0	70	0	34	1	6	2
28	55	1	35	1	29	1	5	2
29	64	0	54	0	25	1	1	2
30	97	1	82	1	50	1	1	2
88	2511205
587	233	220
30
1	100	0	60	1	40	1	5	1
2	89	0	67	1	34	1	2	1
3	92	0	80	0	38	1	3	1
4	90	0	81	0	24	1	3	1
5	84	0	52	1	38	1	5	1
6	77	1	54	1	46	1	7	1
7	90	0	49	1	33	1	6	1
8	78	0	45	1	27	1	4	1
9	76	0	57	0	28	1	6	1
10	102	0	38	1	27	1	5	1
11	55	1	45	1	39	1	1	1
12	115	0	78	0	29	1	8	1
13	98	1	58	1	53	1	8	1
14	75	1	64	1	44	1	6	1
15	61	0	57	0	20	1	5	1
16	94	1	92	1	78	1	4	2
17	114	0	58	1	42	1	2	2
18	98	0	67	0	27	1	3	2
19	85	1	79	1	45	1	5	2
20	111	0	49	0	22	1	5	2
21	76	0	44	1	32	1	7	2
22	114	0	61	1	48	1	6	2
23	81	0	45	1	36	1	4	2
24	96	0	76	0	29	1	5	2
25	54	1	52	1	34	1	7	2
26	82	0	76	0	34	1	3	2
27	99	0	86	0	28	1	6	2
28	113	0	49	1	43	1	10	2
29	64	1	37	1	34	1	4	2
30	96	0	91	0	22	1	3	2
89	2511305
587	233	220
30
1	95	0	92	0	46	1	4	1
2	65	1	60	1	40	1	3	1
3	103	1	62	1	59	1	5	1
4	71	1	65	1	52	1	2	1
5	119	0	87	0	28	1	6	1
6	109	1	92	1	78	1	7	1
7	58	1	54	1	35	1	4	1
8	98	1	73	1	64	1	6	1
9	44	1	44	1	40	1	4	1
10	70	0	69	1	35	1	3	1
11	119	0	61	1	58	1	1	1
12	89	1	55	1	45	1	4	1
13	75	1	68	1	58	1	2	1
14	43	1	37	1	30	1	1	1
15	95	0	77	1	41	1	4	1
16	65	1	63	1	63	1	2	2
17	107	1	70	1	62	1	3	2
18	109	0	69	0	21	1	7	2
19	54	0	34	1	21	1	4	2
20	118	0	45	1	32	1	3	2
21	75	0	50	1	32	1	1	2
22	58	0	46	1	27	1	6	2
23	90	0	55	1	37	1	5	2
24	80	1	78	1	62	1	4	2
25	88	0	43	1	42	1	2	2
26	78	1	67	1	48	1	3	2
27	89	1	81	1	48	1	3	2
28	79	1	69	1	51	1	2	2
29	79	1	75	1	50	1	3	2
30	109	1	86	1	55	1	2	2
90	2511405
587	233	220
30
1	91	0	52	1	33	1	4	1
2	87	1	81	1	63	1	3	1
3	113	0	79	1	45	1	2	1
4	114	0	52	1	45	1	4	1
5	110	1	90	1	66	1	2	1
6	81	0	41	1	31	1	5	1
7	108	0	67	1	37	1	8	1
8	118	0	82	1	57	1	4	1
9	96	0	60	0	30	1	2	1
10	43	1	42	1	36	1	3	1
11	93	1	78	1	77	1	6	1
12	85	0	62	0	25	1	5	1
13	93	0	83	0	30	1	2	1
14	101	1	87	1	77	1	3	1
15	112	0	72	1	56	1	4	1
16	49	1	39	1	31	1	4	2
17	100	0	67	1	38	1	6	2
18	76	1	59	1	41	1	6	2
19	114	1	64	1	59	1	1	2
20	91	0	68	0	34	1	3	2
21	63	1	57	1	57	1	3	2
22	93	0	54	1	44	1	4	2
23	99	0	64	1	37	1	5	2
24	80	0	63	1	34	1	4	2
25	50	1	31	1	31	1	2	2
26	95	0	74	1	39	1	1	2
27	78	1	76	1	67	1	5	2
28	59	0	46	1	28	1	5	2
29	85	1	63	1	49	1	3	2
30	81	0	32	1	26	1	4	2
91	2511505
587	233	220
30
1	86	1	65	1	57	1	2	1
2	61	1	37	1	32	1	3	1
3	39	1	33	1	27	1	2	1
4	85	0	33	1	26	1	5	1
5	101	0	94	0	42	1	4	1
6	65	1	53	1	46	1	2	1
7	76	1	72	1	39	1	4	1
8	47	1	42	1	25	1	4	1
9	93	1	76	1	60	1	1	1
10	95	1	74	1	51	1	5	1
11	97	0	66	0	32	1	1	1
12	116	0	78	0	37	1	3	1
13	98	0	53	1	47	1	3	1
14	68	1	63	1	60	1	3	1
15	93	1	91	1	68	1	8	1
16	90	0	88	0	35	1	7	2
17	93	1	71	1	66	1	2	2
18	100	1	89	1	70	1	2	2
19	94	0	84	0	35	1	4	2
20	74	0	40	1	30	1	6	2
21	95	0	63	1	39	1	5	2
22	42	0	36	1	20	1	5	2
23	108	0	73	1	38	1	3	2
24	81	1	66	1	46	1	3	2
25	103	0	95	0	20	1	4	2
26	72	1	70	1	66	1	6	2
27	71	0	67	0	26	1	2	2
28	103	0	66	1	48	1	4	2
29	95	1	94	1	75	1	3	2
30	76	1	59	1	46	1	5	2
92	2511605
587	233	220
30
1	96	1	82	1	63	1	3	1
2	74	1	63	1	59	1	4	1
3	86	0	60	1	43	1	7	1
4	90	1	67	1	57	1	3	1
5	97	1	91	1	80	1	6	1
6	116	0	61	0	28	1	4	1
7	86	0	41	1	35	1	3	1
8	67	0	44	1	26	1	6	1
9	115	0	79	0	31	1	4	1
10	62	1	59	1	46	1	3	1
11	49	1	41	1	39	1	6	1
12	55	1	48	1	33	1	3	1
13	113	1	89	1	63	1	4	1
14	49	1	36	1	33	1	2	1
15	71	1	63	1	54	1	4	1
16	62	0	58	0	21	1	2	2
17	85	0	75	0	34	1	8	2
18	64	1	61	1	50	1	7	2
19	73	1	53	1	48	1	7	2
20	57	1	53	1	47	1	1	2
21	70	0	50	0	22	1	5	2
22	71	1	47	1	40	1	3	2
23	117	0	38	1	21	1	7	2
24	83	0	38	1	30	1	4	2
25	84	1	71	1	66	1	4	2
26	66	1	44	1	38	1	5	2
27	66	1	56	1	45	1	7	2
28	74	1	70	1	68	1	6	2
29	105	0	64	0	27	1	3	2
30	71	0	59	1	31	1	3	2
93	2511705
587	233	220
30
1	78	0	69	1	37	1	5	1
2	115	1	90	1	58	1	5	1
3	68	0	53	0	20	1	3	1
4	119	0	71	1	47	1	4	1
5	100	1	82	1	57	1	5	1
6	88	1	76	1	52	1	2	1
7	95	0	90	0	43	1	2	1
8	87	1	72	1	62	1	3	1
9	80	1	66	1	47	1	4	1
10	120	1	78	1	67	1	4	1
11	103	1	65	1	60	1	4	1
12	86	1	60	1	50	1	6	1
13	80	0	49	1	37	1	4	1
14	94	0	83	0	36	1	4	1
15	92	1	59	1	51	1	4	1
16	118	0	67	1	35	1	1	2
17	80	1	78	1	62	1	2	2
18	91	0	58	1	33	1	4	2
19	114	0	78	1	49	1	2	2
20	76	1	54	1	40	1	2	2
21	82	1	76	1	65	1	3	2
22	106	0	74	1	38	1	2	2
23	39	1	34	1	30	1	3	2
24	89	1	85	1	71	1	3	2
25	119	1	72	1	60	1	2	2
26	85	1	77	1	61	1	2	2
27	65	1	62	1	45	1	4	2
28	82	0	36	1	27	1	1	2
29	115	0	40	1	33	1	1	2
30	73	1	65	1	64	1	1	2
94	2511805
587	233	220
30
1	75	1	73	1	69	1	10	1
2	66	1	56	1	40	1	4	1
3	64	1	51	1	41	1	4	1
4	90	0	52	1	28	1	5	1
5	73	0	33	1	28	1	6	1
6	91	1	76	1	60	1	6	1
7	54	1	45	1	28	1	6	1
8	107	1	81	1	56	1	4	1
9	63	1	53	1	44	1	5	1
10	88	1	75	1	50	1	6	1
11	79	0	76	0	20	1	4	1
12	116	1	71	1	66	1	5	1
13	84	0	52	1	35	1	9	1
14	61	0	56	0	22	1	3	1
15	54	1	53	1	31	1	5	1
16	86	1	85	1	53	1	3	2
17	84	0	71	0	29	1	4	2
18	80	1	52	1	41	1	5	2
19	83	0	33	1	26	1	3	2
20	99	0	60	1	38	1	4	2
21	83	0	47	1	37	1	2	2
22	50	1	41	1	36	1	4	2
23	43	1	40	1	40	1	5	2
24	87	0	73	1	43	1	3	2
25	81	1	60	1	49	1	8	2
26	57	1	56	1	49	1	7	2
27	57	0	34	1	23	1	5	2
28	94	0	89	1	47	1	3	2
29	79	0	52	1	34	1	2	2
30	87	0	60	1	36	1	4	2
95	2511905
587	233	220
30
1	101	0	69	0	20	1	3	1
2	108	0	66	1	54	1	6	1
3	74	0	62	1	33	1	4	1
4	69	0	61	1	33	1	5	1
5	71	0	64	0	31	1	5	1
6	38	1	32	1	30	1	4	1
7	108	0	47	1	37	1	5	1
8	100	0	41	1	36	1	3	1
9	99	0	79	0	39	1	2	1
10	83	0	55	0	22	1	2	1
11	99	0	49	1	36	1	8	1
12	83	0	56	0	22	1	4	1
13	66	1	52	1	44	1	5	1
14	120	0	69	0	29	1	3	1
15	101	0	90	1	50	1	6	1
16	58	1	54	1	39	1	5	2
17	88	1	64	1	58	1	5	2
18	82	1	52	1	46	1	6	2
19	63	1	63	1	53	1	4	2
20	82	1	67	1	60	1	4	2
21	89	0	69	0	29	1	3	2
22	84	0	68	0	34	1	6	2
23	52	1	49	1	40	1	2	2
24	89	1	75	1	56	1	5	2
25	48	1	44	1	39	1	3	2
26	53	0	27	1	21	1	3	2
27	99	0	52	1	43	1	6	2
28	97	1	67	1	60	1	6	2
29	65	1	48	1	44	1	6	2
30	101	1	69	1	55	1	7	2
96	2512005
587	233	220
30
1	64	0	42	1	26	1	9	1
2	92	1	58	1	52	1	1	1
3	92	0	85	0	21	1	6	1
4	90	0	49	1	33	1	1	1
5	54	1	48	1	34	1	5	1
6	95	0	62	1	45	1	5	1
7	72	1	49	1	46	1	2	1
8	56	0	42	1	25	1	2	1
9	64	0	34	1	26	1	5	1
10	113	0	90	1	54	1	5	1
11	113	0	52	1	42	1	5	1
12	94	0	86	0	38	1	6	1
13	81	1	80	1	68	1	5	1
14	87	1	79	1	55	1	3	1
15	81	1	52	1	45	1	3	1
16	113	0	32	1	24	1	3	2
17	92	0	57	0	25	1	4	2
18	100	0	40	1	33	1	4	2
19	113	0	93	0	40	1	3	2
20	74	0	65	0	22	1	4	2
21	100	1	96	1	72	1	6	2
22	119	0	34	1	32	1	4	2
23	61	1	58	1	41	1	8	2
24	91	0	47	1	39	1	9	2
25	97	0	37	1	28	1	3	2
26	75	1	54	1	49	1	3	2
27	89	1	62	1	47	1	4	2
28	118	0	29	1	26	1	3	2
29	94	1	78	1	55	1	4	2
30	114	0	50	1	41	1	7	2
97	2512105
587	233	220
30
1	74	0	60	1	32	1	5	1
2	100	0	50	1	43	1	5	1
3	95	0	74	1	42	1	3	1
4	95	0	70	0	30	1	4	1
5	45	1	37	1	24	1	4	1
6	67	0	60	0	25	1	4	1
7	55	1	51	1	35	1	3	1
8	76	1	71	1	61	1	3	1
9	119	0	88	1	51	1	9	1
10	98	0	81	0	26	1	4	1
11	86	1	69	1	61	1	4	1
12	117	0	54	1	30	1	4	1
13	96	0	40	1	24	1	4	1
14	54	1	52	1	41	1	6	1
15	89	0	61	1	41	1	4	1
16	82	1	81	1	71	1	6	2
17	97	1	53	1	49	1	4	2
18	74	0	72	0	35	1	1	2
19	83	1	77	1	47	1	2	2
20	80	1	48	1	45	1	4	2
21	102	1	56	1	55	1	4	2
22	63	0	61	0	30	1	7	2
23	70	1	67	1	42	1	5	2
24	99	1	93	1	80	1	5	2
25	78	0	60	0	25	1	2	2
26	46	1	45	1	26	1	6	2
27	78	0	42	0	21	1	3	2
28	84	0	46	1	37	1	9	2
29	65	0	63	0	30	1	3	2
30	74	0	45	1	37	1	3	2
98	2512205
587	233	220
30
1	106	0	55	1	38	1	6	1
2	69	1	50	1	48	1	6	1
3	106	1	63	1	57	1	8	1
4	71	1	66	1	51	1	7	1
5	62	1	41	1	36	1	5	1
6	75	1	49	1	39	1	2	1
7	90	1	64	1	53	1	3	1
8	96	1	79	1	55	1	5	1
9	83	1	75	1	67	1	5	1
10	58	1	48	1	30	1	7	1
11	81	0	59	0	24	1	7	1
12	71	1	56	1	41	1	5	1
13	111	0	76	1	40	1	4	1
14	113	0	27	1	26	1	2	1
15	50	1	41	1	36	1	4	1
16	57	1	55	1	50	1	4	2
17	42	0	25	1	21	1	4	2
18	115	0	44	1	29	1	2	2
19	78	1	54	1	52	1	6	2
20	87	0	68	0	31	1	2	2
21	108	0	87	0	37	1	4	2
22	97	0	28	1	27	1	3	2
23	79	1	77	1	42	1	5	2
24	94	1	82	1	51	1	3	2
25	113	1	89	1	67	1	6	2
26	93	0	59	1	41	1	2	2
27	67	1	40	1	37	1	4	2
28	66	1	51	1	44	1	5	2
29	75	0	42	1	32	1	4	2
30	51	1	46	1	40	1	4	2
99	2512305
587	233	220
30
1	51	1	46	1	44	1	5	1
2	95	0	92	1	47	1	5	1
3	116	0	39	1	23	1	8	1
4	51	1	37	1	32	1	5	1
5	117	0	44	1	38	1	4	1
6	103	1	89	1	73	1	4	1
7	73	1	55	1	54	1	6	1
8	116	0	98	0	40	1	4	1
9	62	0	48	0	22	1	6	1
10	106	0	38	1	30	1	9	1
11	100	0	40	1	32	1	2	1
12	87	0	53	0	26	1	6	1
13	57	1	35	1	35	1	4	1
14	80	1	75	1	75	1	4	1
15	111	0	88	0	32	1	8	1
16	109	0	42	1	29	1	4	2
17	49	1	35	1	29	1	5	2
18	92	0	65	0	23	1	8	2
19	112	0	32	1	30	1	6	2
20	94	0	90	0	30	1	3	2
21	115	0	80	1	43	1	4	2
22	54	0	41	1	26	1	3	2
23	88	0	43	1	25	1	5	2
24	96	0	66	0	23	1	6	2
25	77	1	75	1	57	1	8	2
26	65	0	36	1	31	1	2	2
27	60	1	56	1	32	1	3	2
28	108	0	52	0	25	1	5	2
29	85	1	78	1	55	1	5	2
30	79	0	65	1	34	1	4	2
100	2512405
587	233	220
30
1	78	1	49	1	47	1	2	1
2	46	1	45	1	43	1	1	1
3	98	0	44	1	36	1	3	1
4	100	0	89	0	31	1	5	1
5	108	0	76	1	47	1	5	1
6	75	0	36	1	28	1	3	1
7	108	1	82	1	56	1	7	1
8	45	1	41	1	24	1	4	1
9	103	0	48	1	38	1	4	1
10	74	1	62	1	46	1	2	1
11	96	0	56	1	44	1	3	1
12	117	0	64	1	42	1	3	1
13	73	1	71	1	50	1	7	1
14	61	1	48	1	47	1	7	1
15	91	0	49	1	27	1	5	1
16	78	0	77	0	28	1	6	2
17	119	0	78	0	34	1	3	2
18	106	1	78	1	63	1	3	2
19	82	1	68	1	62	1	5	2
20	100	1	73	1	53	1	7	2
21	74	0	62	0	30	1	1	2
22	76	0	25	1	20	1	5	2
23	97	0	44	1	34	1	1	2
24	98	0	56	1	49	1	6	2
25	66	1	46	1	38	1	4	2
26	64	0	36	1	32	1	4	2
27	118	0	79	1	45	1	5	2
28	75	1	60	1	45	1	3	2
29	95	0	68	1	47	1	5	2
30	78	0	51	1	29	1	4	2
