100
1	2502505
587	233	220
8
1	108	0	76	0	30	1	24	1
2	110	0	43	1	25	1	9	1
3	92	1	81	1	55	1	8	1
4	81	0	33	1	28	1	11	1
5	120	1	99	1	73	1	11	2
6	111	0	70	1	48	1	10	2
7	98	0	72	1	46	1	12	2
8	95	0	66	0	31	1	9	2
2	2502605
587	233	220
8
1	49	0	25	1	21	1	16	1
2	60	1	51	1	41	1	8	1
3	103	1	76	1	64	1	16	1
4	95	1	70	1	62	1	18	1
5	111	0	49	1	26	1	18	2
6	85	1	84	1	72	1	16	2
7	48	1	36	1	31	1	17	2
8	86	0	76	0	38	1	6	2
3	2502705
587	233	220
8
1	97	0	81	0	27	1	10	1
2	102	0	78	0	39	1	20	1
3	113	0	46	1	36	1	18	1
4	66	1	50	1	42	1	21	1
5	101	0	30	1	26	1	16	2
6	100	0	56	1	35	1	17	2
7	91	0	50	1	40	1	22	2
8	106	1	61	1	56	1	19	2
4	2502805
587	233	220
8
1	113	0	92	0	33	1	23	1
2	52	1	37	1	28	1	22	1
3	57	1	33	1	29	1	26	1
4	99	0	37	1	30	1	17	1
5	92	0	64	1	33	1	23	2
6	119	0	59	1	39	1	26	2
7	54	1	52	1	49	1	18	2
8	75	0	45	1	35	1	30	2
5	2502905
587	233	220
8
1	88	0	54	1	39	1	16	1
2	94	0	54	1	36	1	14	1
3	87	0	77	1	43	1	20	1
4	100	1	80	1	72	1	16	1
5	83	0	40	1	36	1	6	2
6	91	0	54	0	22	1	15	2
7	109	0	58	1	54	1	17	2
8	94	0	55	1	30	1	9	2
6	2503005
587	233	220
8
1	86	1	84	1	45	1	23	1
2	81	0	45	1	34	1	24	1
3	70	1	54	1	37	1	24	1
4	71	1	61	1	52	1	12	1
5	78	1	73	1	40	1	18	2
6	69	1	63	1	46	1	14	2
7	72	1	67	1	56	1	13	2
8	75	0	75	0	36	1	15	2
7	2503105
587	233	220
8
1	118	0	79	1	51	1	18	1
2	86	0	32	1	31	1	14	1
3	64	1	58	1	52	1	18	1
4	42	1	42	1	32	1	19	1
5	64	1	55	1	43	1	14	2
6	84	0	70	0	35	1	18	2
7	76	0	57	1	36	1	23	2
8	95	1	60	1	55	1	20	2
8	2503205
587	233	220
8
1	75	1	58	1	57	1	11	1
2	57	1	37	1	30	1	14	1
3	79	0	74	0	35	1	11	1
4	104	1	99	1	74	1	10	1
5	55	1	46	1	31	1	20	2
6	99	0	98	0	33	1	10	2
7	90	1	85	1	59	1	12	2
8	115	0	74	1	44	1	16	2
9	2503305
587	233	220
8
1	90	1	70	1	63	1	6	1
2	84	0	78	0	28	1	17	1
3	94	0	85	0	39	1	19	1
4	80	1	76	1	54	1	16	1
5	69	1	50	1	45	1	16	2
6	70	1	57	1	37	1	17	2
7	94	1	61	1	54	1	18	2
8	92	0	44	1	29	1	24	2
10	2503405
587	233	220
8
1	68	0	66	0	31	1	18	1
2	120	0	34	1	26	1	27	1
3	95	1	76	1	60	1	17	1
4	61	1	47	1	34	1	19	1
5	53	1	45	1	36	1	25	2
6	80	1	52	1	42	1	22	2
7	109	0	63	0	28	1	22	2
8	74	0	64	1	35	1	30	2
11	2503505
587	233	220
8
1	74	1	63	1	61	1	17	1
2	71	0	60	0	25	1	13	1
3	106	1	80	1	59	1	10	1
4	109	0	76	1	42	1	15	1
5	118	0	56	0	22	1	19	2
6	105	0	67	1	43	1	16	2
7	72	1	65	1	37	1	20	2
8	84	1	59	1	54	1	9	2
12	2503605
587	233	220
8
1	95	1	80	1	57	1	13	1
2	112	0	87	0	23	1	15	1
3	116	0	41	1	40	1	14	1
4	98	1	80	1	56	1	10	1
5	108	1	60	1	59	1	10	2
6	82	1	77	1	67	1	8	2
7	67	1	46	1	36	1	19	2
8	104	0	72	1	44	1	14	2
13	2503705
587	233	220
8
1	52	0	36	1	25	1	35	1
2	63	0	37	1	21	1	20	1
3	100	0	61	1	36	1	27	1
4	79	0	52	1	36	1	21	1
5	99	0	63	1	36	1	17	2
6	97	0	49	1	30	1	24	2
7	90	1	69	1	55	1	25	2
8	91	0	33	1	28	1	30	2
14	2503805
587	233	220
8
1	68	0	48	1	31	1	12	1
2	104	1	80	1	63	1	14	1
3	82	0	46	0	21	1	13	1
4	114	1	78	1	60	1	14	1
5	90	1	74	1	66	1	12	2
6	112	0	54	1	36	1	8	2
7	71	1	64	1	54	1	17	2
8	74	0	53	1	33	1	14	2
15	2503905
587	233	220
8
1	100	0	44	1	37	1	11	1
2	90	1	78	1	55	1	11	1
3	65	1	57	1	42	1	12	1
4	85	0	58	1	41	1	13	1
5	81	1	69	1	50	1	15	2
6	84	1	78	1	51	1	20	2
7	109	1	73	1	73	1	11	2
8	73	1	58	1	52	1	10	2
16	2504005
587	233	220
8
1	43	1	40	1	39	1	21	1
2	97	0	76	1	40	1	12	1
3	67	1	63	1	47	1	15	1
4	98	0	57	1	38	1	13	1
5	73	0	71	0	27	1	16	2
6	66	1	56	1	41	1	15	2
7	82	1	75	1	72	1	28	2
8	93	0	71	1	43	1	8	2
17	2504105
587	233	220
8
1	72	0	49	1	35	1	12	1
2	75	1	66	1	47	1	8	1
3	78	0	30	1	22	1	11	1
4	119	1	79	1	79	1	15	1
5	76	1	65	1	62	1	15	2
6	119	1	81	1	65	1	10	2
7	91	0	77	0	36	1	5	2
8	113	0	89	0	27	1	10	2
18	2504205
587	233	220
8
1	104	0	55	1	30	1	11	1
2	92	1	89	1	73	1	11	1
3	88	0	88	0	43	1	11	1
4	90	1	60	1	60	1	9	1
5	79	1	53	1	41	1	7	2
6	96	0	91	0	28	1	10	2
7	100	1	90	1	79	1	14	2
8	73	0	42	1	32	1	12	2
19	2504305
587	233	220
8
1	60	0	45	1	26	1	25	1
2	71	1	43	1	39	1	10	1
3	99	1	71	1	64	1	19	1
4	61	1	41	1	40	1	17	1
5	83	1	79	1	43	1	30	2
6	63	1	52	1	35	1	26	2
7	54	0	33	1	20	1	24	2
8	62	1	57	1	51	1	25	2
20	2504405
587	233	220
8
1	97	1	77	1	66	1	16	1
2	81	1	69	1	69	1	21	1
3	109	0	53	0	24	1	15	1
4	98	0	33	1	20	1	18	1
5	86	0	56	1	34	1	15	2
6	76	0	50	1	35	1	16	2
7	109	0	42	1	22	1	14	2
8	82	1	69	1	42	1	20	2
21	2504505
587	233	220
8
1	109	1	93	1	72	1	11	1
2	95	0	67	0	32	1	11	1
3	119	0	45	1	36	1	13	1
4	95	1	78	1	62	1	13	1
5	116	0	89	0	32	1	15	2
6	98	0	65	1	38	1	11	2
7	72	0	51	0	24	1	7	2
8	102	0	88	0	26	1	13	2
22	2504605
587	233	220
8
1	89	1	78	1	50	1	12	1
2	73	1	65	1	46	1	12	1
3	94	0	66	1	39	1	11	1
4	66	1	59	1	42	1	21	1
5	106	1	93	1	70	1	16	2
6	80	1	71	1	62	1	13	2
7	60	0	36	1	26	1	19	2
8	72	0	31	1	31	1	7	2
23	2504705
587	233	220
8
1	84	0	81	0	23	1	13	1
2	115	1	72	1	64	1	20	1
3	77	0	49	1	25	1	16	1
4	40	1	37	1	22	1	8	1
5	97	0	96	0	46	1	17	2
6	95	0	43	1	25	1	13	2
7	90	0	69	0	28	1	22	2
8	56	1	51	1	49	1	21	2
24	2504805
587	233	220
8
1	113	0	80	0	29	1	15	1
2	98	1	65	1	62	1	11	1
3	60	1	59	1	46	1	9	1
4	100	1	97	1	64	1	16	1
5	99	0	88	0	23	1	12	2
6	106	0	49	1	33	1	15	2
7	78	0	54	1	30	1	20	2
8	71	1	68	1	41	1	14	2
25	2504905
587	233	220
8
1	75	0	54	1	35	1	21	1
2	107	0	60	1	49	1	20	1
3	70	1	67	1	42	1	13	1
4	78	1	71	1	44	1	12	1
5	78	0	61	0	27	1	20	2
6	78	1	73	1	48	1	20	2
7	109	0	87	0	32	1	13	2
8	91	0	87	0	25	1	16	2
26	2505005
587	233	220
8
1	86	0	71	1	41	1	24	1
2	75	1	58	1	58	1	23	1
3	100	0	81	0	27	1	20	1
4	59	0	42	1	24	1	24	1
5	69	0	37	1	30	1	15	2
6	63	1	50	1	36	1	13	2
7	96	0	72	0	34	1	24	2
8	111	0	71	0	29	1	18	2
27	2505105
587	233	220
8
1	118	0	66	1	47	1	14	1
2	99	0	56	0	25	1	19	1
3	91	1	83	1	48	1	14	1
4	104	0	66	1	40	1	15	1
5	75	0	60	1	33	1	14	2
6	113	1	78	1	60	1	17	2
7	36	1	36	1	29	1	12	2
8	56	1	48	1	40	1	15	2
28	2505205
587	233	220
8
1	62	1	59	1	52	1	21	1
2	54	1	52	1	50	1	9	1
3	102	1	69	1	65	1	16	1
4	97	0	76	1	46	1	18	1
5	52	1	50	1	37	1	18	2
6	93	0	85	0	23	1	20	2
7	90	0	38	1	38	1	20	2
8	66	1	60	1	40	1	21	2
29	2505305
587	233	220
8
1	91	1	58	1	57	1	20	1
2	92	1	78	1	53	1	21	1
3	112	0	48	1	28	1	24	1
4	78	0	47	1	26	1	27	1
5	41	1	40	1	28	1	28	2
6	57	1	47	1	32	1	24	2
7	54	1	47	1	40	1	30	2
8	85	0	80	0	25	1	20	2
30	2505405
587	233	220
8
1	64	0	53	1	32	1	23	1
2	51	1	42	1	28	1	20	1
3	49	1	32	1	30	1	24	1
4	109	1	68	1	59	1	15	1
5	66	0	43	1	32	1	21	2
6	120	0	71	1	47	1	21	2
7	109	0	57	1	41	1	19	2
8	100	0	70	0	28	1	18	2
31	2505505
587	233	220
8
1	70	1	63	1	49	1	19	1
2	84	1	54	1	49	1	19	1
3	89	0	70	1	42	1	14	1
4	80	0	48	1	39	1	16	1
5	114	0	47	1	42	1	13	2
6	92	0	62	1	34	1	22	2
7	72	1	66	1	43	1	17	2
8	120	0	55	1	46	1	16	2
32	2505605
587	233	220
8
1	95	0	76	1	44	1	16	1
2	81	0	47	1	34	1	21	1
3	71	0	52	1	30	1	22	1
4	96	0	52	1	28	1	13	1
5	104	0	80	1	50	1	21	2
6	77	1	64	1	57	1	20	2
7	75	0	45	1	36	1	17	2
8	65	1	49	1	39	1	11	2
33	2505705
587	233	220
8
1	40	1	36	1	21	1	14	1
2	76	0	45	1	31	1	15	1
3	63	1	54	1	51	1	20	1
4	114	1	77	1	69	1	17	1
5	95	1	57	1	53	1	20	2
6	92	0	36	1	20	1	14	2
7	90	1	84	1	47	1	15	2
8	84	0	69	0	24	1	16	2
34	2505805
587	233	220
8
1	68	0	35	1	27	1	20	1
2	118	0	57	1	43	1	17	1
3	73	0	72	0	36	1	23	1
4	85	1	58	1	50	1	24	1
5	86	0	56	1	33	1	13	2
6	99	0	44	1	31	1	24	2
7	93	1	54	1	49	1	14	2
8	89	0	69	0	26	1	29	2
35	2505905
587	233	220
8
1	100	0	33	1	31	1	13	1
2	84	0	68	1	42	1	18	1
3	95	0	84	0	31	1	18	1
4	57	1	39	1	30	1	25	1
5	76	1	71	1	60	1	20	2
6	71	1	68	1	46	1	24	2
7	109	0	51	1	26	1	15	2
8	109	0	54	1	45	1	16	2
36	2506005
587	233	220
8
1	41	1	39	1	26	1	17	1
2	110	0	40	1	34	1	11	1
3	94	1	77	1	52	1	10	1
4	119	1	96	1	71	1	21	1
5	67	1	63	1	47	1	16	2
6	61	1	43	1	31	1	11	2
7	72	0	53	1	35	1	10	2
8	64	1	38	1	38	1	15	2
37	2506105
587	233	220
8
1	98	0	73	1	44	1	13	1
2	60	1	60	1	38	1	12	1
3	105	1	73	1	60	1	9	1
4	90	1	77	1	52	1	21	1
5	66	0	58	0	24	1	12	2
6	106	1	76	1	55	1	20	2
7	55	1	44	1	36	1	11	2
8	82	0	58	0	23	1	14	2
38	2506205
587	233	220
8
1	104	0	94	1	50	1	14	1
2	102	0	87	0	36	1	14	1
3	115	0	42	1	33	1	10	1
4	61	1	58	1	32	1	14	1
5	70	1	62	1	48	1	9	2
6	91	1	79	1	78	1	13	2
7	90	1	57	1	53	1	17	2
8	78	0	68	0	25	1	12	2
39	2506305
587	233	220
8
1	89	1	56	1	45	1	36	1
2	53	1	37	1	34	1	28	1
3	54	0	35	1	25	1	31	1
4	73	0	39	1	33	1	33	1
5	73	1	39	1	38	1	20	2
6	50	1	42	1	29	1	31	2
7	62	1	59	1	54	1	25	2
8	98	0	53	1	44	1	28	2
40	2506405
587	233	220
8
1	85	1	77	1	62	1	10	1
2	94	0	63	1	32	1	7	1
3	83	1	75	1	45	1	11	1
4	95	1	95	1	54	1	15	1
5	76	0	76	0	30	1	10	2
6	113	0	66	1	44	1	11	2
7	108	1	71	1	61	1	14	2
8	118	0	62	1	37	1	8	2
41	2506505
587	233	220
8
1	109	1	80	1	68	1	12	1
2	90	0	45	1	31	1	24	1
3	66	1	56	1	34	1	11	1
4	76	0	66	1	34	1	18	1
5	111	0	80	1	53	1	15	2
6	86	0	59	0	29	1	17	2
7	80	1	72	1	63	1	12	2
8	81	0	47	0	22	1	15	2
42	2506605
587	233	220
8
1	76	1	74	1	50	1	20	1
2	86	0	40	1	29	1	15	1
3	66	1	55	1	48	1	14	1
4	75	0	57	1	37	1	13	1
5	102	0	83	0	29	1	23	2
6	74	1	58	1	52	1	17	2
7	89	0	65	1	36	1	18	2
8	99	1	68	1	67	1	11	2
43	2506705
587	233	220
8
1	82	1	80	1	71	1	11	1
2	66	0	37	1	27	1	5	1
3	77	0	76	0	31	1	12	1
4	100	0	56	1	38	1	14	1
5	93	1	86	1	67	1	11	2
6	89	0	76	0	30	1	12	2
7	98	1	90	1	67	1	14	2
8	87	0	52	1	42	1	13	2
44	2506805
587	233	220
8
1	114	0	67	0	25	1	23	1
2	92	0	79	0	25	1	19	1
3	89	0	87	0	36	1	22	1
4	95	0	71	1	36	1	17	1
5	90	0	83	1	43	1	18	2
6	93	0	39	1	28	1	19	2
7	69	0	54	1	31	1	13	2
8	107	0	61	1	37	1	11	2
45	2506905
587	233	220
8
1	63	0	55	1	31	1	14	1
2	120	0	43	1	23	1	20	1
3	97	1	72	1	57	1	27	1
4	77	1	76	1	42	1	14	1
5	93	0	74	0	20	1	19	2
6	65	1	63	1	43	1	13	2
7	108	0	71	1	40	1	18	2
8	79	0	36	1	21	1	22	2
46	2507005
587	233	220
8
1	86	0	58	1	36	1	12	1
2	71	0	69	0	22	1	13	1
3	108	0	78	1	54	1	14	1
4	104	1	58	1	57	1	19	1
5	96	1	65	1	58	1	11	2
6	58	0	37	1	26	1	12	2
7	73	1	72	1	49	1	16	2
8	98	1	67	1	56	1	13	2
47	2507105
587	233	220
8
1	118	0	54	1	42	1	13	1
2	112	0	95	0	20	1	21	1
3	118	0	38	1	37	1	20	1
4	76	0	38	1	38	1	19	1
5	100	0	56	1	34	1	19	2
6	100	0	73	1	50	1	20	2
7	75	0	58	1	36	1	19	2
8	76	1	51	1	41	1	17	2
48	2507205
587	233	220
8
1	59	1	49	1	48	1	7	1
2	79	1	63	1	46	1	13	1
3	95	0	58	1	38	1	13	1
4	95	0	79	1	47	1	12	1
5	72	0	46	1	27	1	12	2
6	88	1	74	1	72	1	14	2
7	90	1	77	1	67	1	18	2
8	96	0	59	1	36	1	14	2
49	2507305
587	233	220
8
1	91	0	54	1	45	1	13	1
2	105	1	77	1	72	1	15	1
3	79	1	78	1	48	1	10	1
4	109	1	76	1	59	1	12	1
5	48	1	37	1	30	1	13	2
6	44	1	37	1	27	1	9	2
7	79	1	76	1	54	1	17	2
8	116	0	78	0	20	1	16	2
50	2507405
587	233	220
8
1	60	1	40	1	32	1	16	1
2	98	1	75	1	55	1	23	1
3	60	1	59	1	39	1	18	1
4	81	0	56	1	40	1	14	1
5	119	0	34	1	25	1	10	2
6	107	0	61	1	42	1	19	2
7	108	0	85	0	20	1	20	2
8	97	0	66	1	45	1	16	2
51	2507505
587	233	220
8
1	66	1	64	1	36	1	13	1
2	97	1	73	1	49	1	30	1
3	69	1	60	1	43	1	21	1
4	52	0	37	1	20	1	24	1
5	109	0	63	1	37	1	24	2
6	79	0	57	0	24	1	20	2
7	95	0	72	0	22	1	20	2
8	65	1	50	1	39	1	13	2
52	2507605
587	233	220
8
1	96	0	72	0	31	1	13	1
2	75	1	72	1	47	1	21	1
3	80	0	25	1	20	1	14	1
4	114	1	94	1	61	1	19	1
5	100	0	40	1	39	1	20	2
6	72	1	51	1	48	1	13	2
7	36	1	28	1	24	1	27	2
8	85	0	58	1	35	1	16	2
53	2507705
587	233	220
8
1	78	0	37	1	27	1	15	1
2	89	0	70	0	25	1	15	1
3	90	0	84	0	41	1	12	1
4	85	0	75	1	42	1	9	1
5	91	0	77	1	44	1	12	2
6	114	1	87	1	71	1	10	2
7	90	0	37	1	25	1	14	2
8	105	1	80	1	77	1	13	2
54	2507805
587	233	220
8
1	99	0	68	0	23	1	29	1
2	68	1	52	1	40	1	25	1
3	101	1	66	1	61	1	21	1
4	57	0	56	0	22	1	25	1
5	81	1	54	1	47	1	29	2
6	86	0	34	1	25	1	15	2
7	54	0	46	1	27	1	18	2
8	95	0	65	1	34	1	16	2
55	2507905
587	233	220
8
1	100	0	94	0	28	1	22	1
2	81	1	78	1	66	1	15	1
3	111	0	49	0	21	1	24	1
4	119	0	63	1	37	1	21	1
5	72	0	50	1	30	1	18	2
6	58	1	58	1	40	1	25	2
7	108	0	55	1	29	1	17	2
8	54	1	49	1	38	1	12	2
56	2508005
587	233	220
8
1	90	0	41	1	34	1	40	1
2	64	0	32	1	28	1	20	1
3	42	1	31	1	31	1	21	1
4	94	0	90	0	44	1	22	1
5	68	1	63	1	53	1	23	2
6	55	0	30	1	21	1	27	2
7	72	0	64	0	31	1	29	2
8	75	0	56	1	34	1	30	2
57	2508105
587	233	220
8
1	85	0	73	1	40	1	11	1
2	73	1	62	1	54	1	12	1
3	90	0	63	1	41	1	18	1
4	75	0	61	0	24	1	15	1
5	57	1	53	1	44	1	11	2
6	93	0	70	1	45	1	17	2
7	73	0	36	1	33	1	15	2
8	95	1	80	1	75	1	19	2
58	2508205
587	233	220
8
1	105	0	81	1	46	1	16	1
2	115	1	81	1	61	1	12	1
3	72	0	51	0	23	1	12	1
4	65	1	56	1	33	1	8	1
5	60	0	44	0	21	1	8	2
6	85	1	69	1	65	1	10	2
7	90	0	82	0	35	1	9	2
8	115	1	94	1	64	1	12	2
59	2508305
587	233	220
8
1	76	1	52	1	46	1	25	1
2	66	0	59	1	31	1	35	1
3	62	1	55	1	44	1	23	1
4	95	0	46	1	36	1	16	1
5	63	1	59	1	35	1	30	2
6	100	0	37	1	32	1	30	2
7	91	0	54	1	37	1	33	2
8	49	1	44	1	36	1	24	2
60	2508405
587	233	220
8
1	78	1	72	1	58	1	15	1
2	107	1	57	1	57	1	19	1
3	72	1	64	1	37	1	17	1
4	93	0	66	0	26	1	11	1
5	116	0	67	1	35	1	15	2
6	101	0	56	1	39	1	11	2
7	108	0	100	0	39	1	14	2
8	64	1	55	1	33	1	12	2
61	2508505
587	233	220
8
1	109	1	68	1	64	1	8	1
2	84	1	58	1	55	1	10	1
3	96	0	83	0	24	1	14	1
4	74	0	67	1	37	1	6	1
5	107	1	73	1	70	1	10	2
6	80	1	73	1	54	1	12	2
7	72	0	41	1	33	1	11	2
8	84	1	79	1	74	1	19	2
62	2508605
587	233	220
8
1	70	1	63	1	50	1	14	1
2	100	0	53	1	34	1	11	1
3	93	0	78	1	45	1	12	1
4	100	0	55	1	48	1	16	1
5	98	1	73	1	50	1	11	2
6	69	1	45	1	43	1	15	2
7	43	1	42	1	36	1	19	2
8	104	1	92	1	63	1	16	2
63	2508705
587	233	220
8
1	82	1	76	1	59	1	17	1
2	60	1	51	1	50	1	9	1
3	104	1	66	1	61	1	12	1
4	71	0	36	1	28	1	16	1
5	89	0	77	0	26	1	20	2
6	108	1	84	1	66	1	14	2
7	90	0	51	1	45	1	13	2
8	48	1	35	1	33	1	23	2
64	2508805
587	233	220
8
1	114	0	54	0	20	1	21	1
2	92	1	87	1	50	1	14	1
3	114	0	43	1	26	1	9	1
4	93	0	69	1	42	1	23	1
5	80	1	79	1	64	1	13	2
6	99	0	80	0	29	1	24	2
7	60	1	54	1	47	1	17	2
8	54	1	53	1	32	1	13	2
65	2508905
587	233	220
8
1	55	0	50	1	26	1	13	1
2	48	1	42	1	37	1	17	1
3	47	1	34	1	26	1	22	1
4	104	0	74	1	50	1	20	1
5	83	0	70	1	40	1	20	2
6	53	1	52	1	38	1	15	2
7	108	0	69	1	49	1	17	2
8	78	1	73	1	72	1	16	2
66	2509005
587	233	220
8
1	87	0	45	1	32	1	15	1
2	84	1	63	1	46	1	14	1
3	84	1	67	1	44	1	11	1
4	76	0	55	1	30	1	9	1
5	87	1	78	1	61	1	15	2
6	115	0	77	1	53	1	11	2
7	78	1	72	1	51	1	9	2
8	93	1	91	1	62	1	13	2
67	2509105
587	233	220
8
1	119	0	41	1	38	1	20	1
2	90	0	44	1	35	1	13	1
3	67	0	55	0	27	1	17	1
4	71	1	47	1	36	1	21	1
5	90	1	55	1	51	1	27	2
6	87	0	68	1	40	1	19	2
7	87	0	53	1	36	1	26	2
8	113	0	47	1	34	1	26	2
68	2509205
587	233	220
8
1	60	1	44	1	36	1	12	1
2	76	1	42	1	40	1	15	1
3	65	1	49	1	48	1	11	1
4	109	0	92	1	51	1	17	1
5	93	0	42	1	31	1	15	2
6	83	1	64	1	59	1	17	2
7	96	1	90	1	55	1	17	2
8	52	1	42	1	31	1	15	2
69	2509305
587	233	220
8
1	91	0	50	1	32	1	27	1
2	118	0	66	1	40	1	18	1
3	75	0	69	0	32	1	21	1
4	81	0	73	0	32	1	20	1
5	97	0	69	0	33	1	19	2
6	97	0	31	1	27	1	19	2
7	57	1	54	1	29	1	22	2
8	77	1	71	1	62	1	16	2
70	2509405
587	233	220
8
1	56	0	32	1	28	1	9	1
2	92	0	68	1	39	1	11	1
3	90	0	86	0	29	1	19	1
4	73	1	54	1	52	1	19	1
5	114	0	100	0	45	1	20	2
6	94	0	51	1	36	1	9	2
7	108	0	59	1	38	1	12	2
8	89	1	82	1	61	1	9	2
71	2509505
587	233	220
8
1	99	1	64	1	62	1	23	1
2	110	0	43	1	37	1	16	1
3	96	1	73	1	50	1	14	1
4	114	0	53	1	35	1	13	1
5	105	0	27	1	22	1	18	2
6	75	1	66	1	51	1	16	2
7	72	1	61	1	48	1	12	2
8	102	0	46	1	32	1	19	2
72	2509605
587	233	220
8
1	96	1	95	1	68	1	13	1
2	69	1	61	1	35	1	15	1
3	107	1	70	1	55	1	15	1
4	92	0	85	0	34	1	15	1
5	96	0	60	1	31	1	23	2
6	66	1	38	1	38	1	15	2
7	63	1	57	1	36	1	23	2
8	51	1	31	1	31	1	19	2
73	2509705
587	233	220
8
1	90	0	73	1	37	1	16	1
2	102	0	95	0	33	1	16	1
3	117	0	38	1	30	1	11	1
4	75	1	73	1	57	1	15	1
5	86	0	36	1	34	1	12	2
6	101	1	81	1	62	1	12	2
7	90	1	66	1	65	1	11	2
8	76	1	69	1	51	1	12	2
74	2509805
587	233	220
8
1	86	1	79	1	69	1	11	1
2	53	1	46	1	31	1	16	1
3	96	0	51	1	37	1	12	1
4	119	0	55	1	54	1	16	1
5	77	0	74	0	37	1	13	2
6	96	0	73	0	24	1	13	2
7	75	1	67	1	54	1	16	2
8	88	1	71	1	61	1	17	2
75	2509905
587	233	220
8
1	101	0	81	0	24	1	18	1
2	94	0	72	0	29	1	17	1
3	79	1	72	1	47	1	25	1
4	90	0	36	1	35	1	14	1
5	68	1	51	1	40	1	18	2
6	48	1	45	1	35	1	16	2
7	108	1	84	1	69	1	14	2
8	91	0	45	1	31	1	17	2
76	2510005
587	233	220
8
1	77	0	42	1	30	1	16	1
2	98	0	45	1	28	1	16	1
3	61	1	58	1	32	1	20	1
4	92	1	77	1	61	1	11	1
5	58	0	44	1	27	1	27	2
6	108	0	72	1	50	1	17	2
7	93	1	72	1	71	1	15	2
8	111	0	49	1	30	1	22	2
77	2510105
587	233	220
8
1	73	0	73	0	36	1	28	1
2	87	0	49	1	26	1	21	1
3	68	1	53	1	44	1	34	1
4	73	0	57	1	33	1	26	1
5	65	1	49	1	47	1	26	2
6	80	0	65	1	35	1	28	2
7	72	0	35	1	26	1	24	2
8	75	1	68	1	40	1	14	2
78	2510205
587	233	220
8
1	105	0	68	1	42	1	19	1
2	75	0	37	1	24	1	24	1
3	79	0	73	0	26	1	16	1
4	95	0	53	1	38	1	17	1
5	50	1	41	1	40	1	21	2
6	80	1	59	1	52	1	19	2
7	90	0	74	0	35	1	19	2
8	87	1	60	1	60	1	20	2
79	2510305
587	233	220
8
1	64	1	48	1	46	1	31	1
2	79	0	25	1	22	1	29	1
3	89	0	85	0	33	1	26	1
4	79	0	66	1	34	1	18	1
5	79	0	54	1	31	1	22	2
6	115	0	95	0	22	1	21	2
7	76	1	54	1	44	1	24	2
8	80	0	44	1	29	1	24	2
80	2510405
587	233	220
8
1	78	1	59	1	54	1	13	1
2	120	0	52	0	20	1	12	1
3	100	1	67	1	54	1	18	1
4	91	0	59	1	37	1	14	1
5	112	0	57	1	56	1	18	2
6	88	0	46	1	34	1	12	2
7	108	0	78	1	53	1	13	2
8	100	0	48	1	29	1	14	2
81	2510505
587	233	220
8
1	110	0	60	1	55	1	9	1
2	80	1	78	1	71	1	5	1
3	110	0	75	1	50	1	16	1
4	100	0	72	1	40	1	11	1
5	103	0	60	1	32	1	11	2
6	70	1	60	1	49	1	7	2
7	80	1	72	1	62	1	6	2
8	120	1	74	1	67	1	15	2
82	2510605
587	233	220
8
1	65	1	51	1	50	1	22	1
2	113	0	78	0	28	1	14	1
3	120	0	35	1	32	1	22	1
4	71	0	53	0	20	1	22	1
5	94	1	70	1	64	1	23	2
6	64	0	33	1	32	1	23	2
7	71	0	35	1	21	1	25	2
8	85	1	59	1	49	1	23	2
83	2510705
587	233	220
8
1	83	1	71	1	46	1	22	1
2	76	1	63	1	54	1	14	1
3	91	0	56	1	40	1	17	1
4	61	1	42	1	34	1	21	1
5	84	1	67	1	47	1	19	2
6	95	1	79	1	57	1	14	2
7	90	0	80	0	23	1	17	2
8	69	0	43	1	28	1	16	2
84	2510805
587	233	220
8
1	114	0	77	1	42	1	16	1
2	105	1	81	1	74	1	17	1
3	76	1	73	1	50	1	13	1
4	104	0	91	0	41	1	12	1
5	75	0	70	0	23	1	17	2
6	93	0	67	0	20	1	4	2
7	89	0	54	0	25	1	8	2
8	89	0	46	1	28	1	14	2
85	2510905
587	233	220
8
1	55	0	37	1	22	1	23	1
2	72	0	55	1	31	1	14	1
3	61	1	56	1	36	1	20	1
4	76	0	72	0	22	1	19	1
5	74	1	66	1	61	1	20	2
6	43	1	39	1	32	1	11	2
7	108	0	98	0	27	1	18	2
8	109	1	73	1	65	1	21	2
86	2511005
587	233	220
8
1	87	0	33	1	28	1	20	1
2	97	1	70	1	57	1	22	1
3	71	1	57	1	38	1	20	1
4	63	1	53	1	47	1	17	1
5	77	0	56	1	37	1	18	2
6	102	0	67	1	47	1	21	2
7	72	0	31	1	29	1	20	2
8	84	0	58	1	38	1	17	2
87	2511105
587	233	220
8
1	119	0	34	1	28	1	15	1
2	84	1	69	1	48	1	19	1
3	97	1	82	1	78	1	20	1
4	109	0	43	1	33	1	13	1
5	80	1	75	1	47	1	19	2
6	74	0	62	0	30	1	11	2
7	40	1	35	1	31	1	12	2
8	58	0	43	1	26	1	17	2
88	2511205
587	233	220
8
1	100	0	60	1	40	1	14	1
2	89	0	67	1	34	1	26	1
3	92	0	80	0	38	1	16	1
4	90	0	81	0	24	1	29	1
5	84	0	52	1	38	1	18	2
6	77	1	54	1	46	1	20	2
7	90	0	49	1	33	1	16	2
8	78	0	45	1	27	1	28	2
89	2511305
587	233	220
8
1	95	0	92	0	46	1	11	1
2	65	1	60	1	40	1	12	1
3	103	1	62	1	59	1	13	1
4	71	1	65	1	52	1	13	1
5	119	0	87	0	28	1	13	2
6	109	1	92	1	78	1	9	2
7	58	1	54	1	35	1	11	2
8	98	1	73	1	64	1	8	2
90	2511405
587	233	220
8
1	91	0	52	1	33	1	13	1
2	87	1	81	1	63	1	11	1
3	113	0	79	1	45	1	9	1
4	114	0	52	1	45	1	6	1
5	110	1	90	1	66	1	13	2
6	81	0	41	1	31	1	12	2
7	108	0	67	1	37	1	10	2
8	118	0	82	1	57	1	10	2
91	2511505
587	233	220
8
1	86	1	65	1	57	1	18	1
2	61	1	37	1	32	1	17	1
3	39	1	33	1	27	1	16	1
4	85	0	33	1	26	1	26	1
5	101	0	94	0	42	1	20	2
6	65	1	53	1	46	1	29	2
7	76	1	72	1	39	1	31	2
8	47	1	42	1	25	1	26	2
92	2511605
587	233	220
8
1	96	1	82	1	63	1	11	1
2	74	1	63	1	59	1	14	1
3	86	0	60	1	43	1	11	1
4	90	1	67	1	57	1	20	1
5	97	1	91	1	80	1	10	2
6	116	0	61	0	28	1	8	2
7	86	0	41	1	35	1	13	2
8	67	0	44	1	26	1	10	2
93	2511705
587	233	220
8
1	78	0	69	1	37	1	9	1
2	115	1	90	1	58	1	9	1
3	68	0	53	0	20	1	10	1
4	119	0	71	1	47	1	9	1
5	100	1	82	1	57	1	11	2
6	88	1	76	1	52	1	14	2
7	95	0	90	0	43	1	10	2
8	87	1	72	1	62	1	12	2
94	2511805
587	233	220
8
1	75	1	73	1	69	1	17	1
2	66	1	56	1	40	1	27	1
3	64	1	51	1	41	1	23	1
4	90	0	52	1	28	1	26	1
5	73	0	33	1	28	1	17	2
6	91	1	76	1	60	1	15	2
7	54	1	45	1	28	1	20	2
8	107	1	81	1	56	1	9	2
95	2511905
587	233	220
8
1	101	0	69	0	20	1	18	1
2	108	0	66	1	54	1	22	1
3	74	0	62	1	33	1	26	1
4	69	0	61	1	33	1	25	1
5	71	0	64	0	31	1	21	2
6	38	1	32	1	30	1	17	2
7	108	0	47	1	37	1	21	2
8	100	0	41	1	36	1	28	2
96	2512005
587	233	220
8
1	64	0	42	1	26	1	28	1
2	92	1	58	1	52	1	22	1
3	92	0	85	0	21	1	24	1
4	90	0	49	1	33	1	21	1
5	54	1	48	1	34	1	22	2
6	95	0	62	1	45	1	30	2
7	72	1	49	1	46	1	21	2
8	56	0	42	1	25	1	29	2
97	2512105
587	233	220
8
1	74	0	60	1	32	1	19	1
2	100	0	50	1	43	1	19	1
3	95	0	74	1	42	1	25	1
4	95	0	70	0	30	1	21	1
5	45	1	37	1	24	1	22	2
6	67	0	60	0	25	1	19	2
7	55	1	51	1	35	1	20	2
8	76	1	71	1	61	1	21	2
98	2512205
587	233	220
8
1	106	0	55	1	38	1	22	1
2	69	1	50	1	48	1	17	1
3	106	1	63	1	57	1	19	1
4	71	1	66	1	51	1	10	1
5	62	1	41	1	36	1	14	2
6	75	1	49	1	39	1	17	2
7	90	1	64	1	53	1	16	2
8	96	1	79	1	55	1	10	2
99	2512305
587	233	220
8
1	51	1	46	1	44	1	25	1
2	95	0	92	1	47	1	19	1
3	116	0	39	1	23	1	9	1
4	51	1	37	1	32	1	13	1
5	117	0	44	1	38	1	13	2
6	103	1	89	1	73	1	12	2
7	73	1	55	1	54	1	7	2
8	116	0	98	0	40	1	12	2
100	2512405
587	233	220
8
1	78	1	49	1	47	1	11	1
2	46	1	45	1	43	1	16	1
3	98	0	44	1	36	1	16	1
4	100	0	89	0	31	1	18	1
5	108	0	76	1	47	1	22	2
6	75	0	36	1	28	1	21	2
7	108	1	82	1	56	1	17	2
8	45	1	41	1	24	1	16	2
