Valor das Variáveis de Decisão: 
587 233 220
126
76 30 108 1
1 0 67 0
108 30 76 1
1 82 34 144
25 110 43 2
1 104 0 0
81 55 92 3
-0 0 0 496
81 28 33 4
0 175 171 206
28 33 81 4
1 0 101 123
120 99 73 5
0 0 0 0
73 120 99 5
1 47 101 51
111 70 48 6
0 477 518 0
111 48 70 6
0 0 0 0
46 98 72 7
1 0 101 51
95 31 66 8
0 0 557 0
95 31 66 8
1 82 0 154
95 31 66 8
0 493 65 0
84 30 85 9
1 104 0 43
84 30 85 9
0 111 30 0
84 30 85 9
0 504 0 503
25 71 32 10
0 82 0 0
25 36 34 11
0 0 0 554
62 67 97 12
1 42 0 6
67 62 97 12
1 0 39 108
97 62 67 12
-0 491 0 0
25 23 33 13
1 60 146 0
26 27 95 14
1 233 0 55
26 95 27 14
0 0 0 561
94 81 44 15
0 0 0 0
38 39 41 16
1 195 0 81
104 65 74 17
1 288 0 106
52 36 41 18
1 68 110 0
78 34 104 19
1 120 143 0
104 34 78 19
0 0 0 0
46 83 77 20
0 213 505 0
46 77 83 20
0 0 0 0
30 74 56 21
0 409 0 0
74 30 56 21
1 0 134 150
80 63 95 22
1 351 26 0
35 56 33 23
0 553 0 0
33 35 56 23
0 225 48 219
56 33 35 23
1 236 0 0
95 49 96 24
1 104 39 43
88 30 68 25
-0 500 558 0
65 29 80 26
0 523 0 215
55 41 60 27
0 42 0 204
41 55 60 27
1 160 88 0
55 41 60 27
1 201 48 46
56 20 113 28
1 519 138 95
93 31 31 29
1 347 89 72
83 26 87 30
1 259 65 133
87 26 83 30
0 0 562 0
110 67 44 31
0 478 0 544
21 118 25 32
0 342 0 563
39 61 44 33
1 256 91 70
26 120 30 34
0 0 468 0
25 49 107 35
-0 563 539 481
60 26 64 36
1 149 177 0
60 26 64 36
1 60 203 150
91 54 67 37
0 0 0 0
49 64 78 38
1 298 0 0
34 31 61 39
0 120 177 527
94 36 119 40
0 0 229 128
81 34 34 41
0 0 0 554
34 34 81 41
1 175 199 139
34 34 81 41
1 258 199 0
56 42 57 42
1 392 23 163
57 56 42 42
0 531 532 0
69 30 48 43
1 518 199 0
42 58 81 44
1 256 33 0
42 58 81 44
1 0 0 0
76 26 74 45
1 463 0 0
67 77 93 46
1 463 0 85
67 93 77 46
0 104 158 0
32 63 83 47
1 431 0 0
83 63 32 47
1 439 136 0
43 65 79 48
1 539 73 64
79 65 43 48
0 0 523 0
40 112 69 49
1 216 120 150
40 112 69 49
-0 0 0 0
31 97 44 50
0 0 0 0
60 98 51 51
1 0 110 0
119 27 46 52
0 469 175 128
27 119 46 52
1 209 0 0
44 112 51 53
0 544 0 0
68 49 97 54
0 0 0 0
49 97 68 54
1 209 119 0
76 118 77 55
1 140 64 139
49 97 73 56
-0 0 0 0
49 73 97 56
0 0 0 0
82 95 76 57
-0 506 0 0
76 82 95 57
1 357 96 120
91 69 71 58
0 497 0 0
36 76 38 59
1 216 0 150
66 22 81 60
0 464 0 0
60 40 33 61
1 440 162 120
41 93 42 62
1 489 0 178
41 93 42 62
1 448 0 178
82 39 102 63
1 0 0 103
82 39 102 63
-0 389 120 0
38 60 59 64
0 0 110 0
38 59 60 64
0 550 0 0
60 38 59 64
0 440 0 32
79 30 56 65
0 0 0 0
79 30 56 65
1 439 203 0
39 52 70 66
1 258 91 0
39 70 52 66
0 217 0 68
113 51 36 67
0 0 0 0
33 38 96 68
1 259 178 81
96 38 33 68
0 0 0 0
57 107 64 69
1 530 55 0
57 64 107 69
1 292 158 0
81 80 70 70
0 0 0 0
57 47 71 71
1 530 26 120
57 71 47 71
1 522 162 48
62 120 95 72
1 295 91 125
48 65 50 73
0 0 0 0
78 31 112 74
1 357 65 103
78 31 112 74
1 509 202 106
38 63 62 75
0 440 525 0
38 62 63 75
1 471 171 153
38 63 62 75
1 433 139 153
90 84 72 76
1 349 143 0
115 90 48 77
1 357 138 72
47 68 72 78
1 0 164 123
47 72 68 78
0 258 516 95
47 72 68 78
1 472 77 32
43 45 109 79
0 0 0 0
73 28 119 80
0 515 560 0
