AA
587 233 220
138
21 49 25 1
-0 0 0 0
49 21 25 1
1 2 0 49
21 25 49 1
1 102 29 17
49 25 21 1
0 142 233 106
49 25 21 1
0 539 0 0
21 25 49 1
1 396 60 171
21 25 49 1
-0 567 563 0
49 25 21 1
0 0 0 28
21 25 49 1
1 436 29 0
21 49 25 1
-0 0 0 0
21 25 49 1
0 0 0 539
49 25 21 1
1 521 106 4
21 49 25 1
0 360 152 0
49 25 21 1
-0 0 563 0
21 25 49 1
-0 0 0 0
49 21 25 1
1 299 46 127
49 25 21 1
1 66 208 28
49 21 25 1
0 6 84 51
49 25 21 1
0 386 64 0
49 21 25 1
1 103 67 81
49 25 21 1
0 539 563 0
49 25 21 1
0 0 563 567
21 25 49 1
1 375 0 171
21 25 49 1
1 30 67 0
49 21 25 1
1 183 25 186
49 25 21 1
1 115 143 199
21 49 25 1
0 53 0 0
49 21 25 1
1 0 152 92
21 49 25 1
1 81 0 -9.99993e-10
49 25 21 1
0 23 0 567
21 25 49 1
0 567 0 539
21 25 49 1
1 115 105 0
49 21 25 1
0 164 148 220
21 25 49 1
1 354 0 122
49 25 21 1
0 539 0 567
21 49 25 1
1 30 49 49
49 25 21 1
-0 0 563 0
49 25 21 1
0 0 0 0
21 25 49 1
1 115 118 166
21 25 49 1
1 0 0 0
49 21 25 1
1 435 131 76
51 41 60 2
1 395 46 51
41 51 60 2
0 547 537 528
60 51 41 2
0 528 537 0
60 51 41 2
0 0 0 547
41 51 60 2
0 547 537 528
51 60 41 2
1 0 152 117
51 60 41 2
0 0 528 0
41 51 60 2
1 115 54 0
51 60 41 2
0 0 0 547
41 60 51 2
1 395 46 0
60 51 41 2
-0 528 0 0
51 60 41 2
0 0 0 547
51 41 60 2
-0 537 547 0
41 51 60 2
0 0 0 0
51 60 41 2
1 0 173 66
60 51 41 2
0 0 0 0
60 51 41 2
-0 528 0 547
60 51 41 2
1 294 106 103
51 60 41 2
0 0 92 86
51 60 41 2
-0 0 528 547
60 41 51 2
1 527 0 76
51 41 60 2
1 72 0 126
60 51 41 2
0 528 537 547
60 41 51 2
0 0 0 537
60 51 41 2
0 0 0 0
60 51 41 2
0 528 0 0
60 51 41 2
0 0 537 0
60 51 41 2
0 528 0 0
51 60 41 2
0 0 0 0
51 60 41 2
1 243 151 152
60 51 41 2
0 528 0 0
51 60 41 2
0 537 528 0
60 41 51 2
1 123 4 169
51 60 41 2
0 0 0 0
51 41 60 2
1 21 0 152
41 60 51 2
1 354 64 25
51 60 41 2
1 21 4 74
60 51 41 2
0 0 13 547
41 60 51 2
1 74 45 115
51 41 60 2
1 132 0 66
51 41 60 2
0 0 0 0
60 41 51 2
0 463 547 0
60 51 41 2
0 0 537 547
60 51 41 2
1 451 80 127
41 60 51 2
1 470 0 168
41 51 60 2
1 33 101 76
60 51 41 2
0 55 87 76
51 60 41 2
0 123 87 111
60 41 51 2
0 0 547 537
51 41 60 2
0 0 0 0
51 41 60 2
0 537 547 0
60 51 41 2
1 156 13 25
51 60 41 2
1 0 173 158
76 103 64 3
1 115 130 24
103 76 64 3
0 0 41 88
64 76 103 3
1 51 157 117
103 64 76 3
1 484 138 80
103 76 64 3
1 239 45 152
103 64 76 3
1 292 0 0
64 103 76 3
1 523 3 0
103 76 64 3
0 0 76 152
76 103 64 3
0 512 0 524
103 64 76 3
1 169 64 0
103 76 64 3
1 358 152 88
103 76 64 3
0 485 512 524
103 76 64 3
0 332 0 58
103 64 76 3
0 0 0 0
103 64 76 3
0 0 0 136
64 103 76 3
1 191 128 0
76 103 64 3
1 511 45 156
103 76 64 3
1 381 157 24
103 76 64 3
0 0 0 524
103 64 76 3
0 485 524 0
64 103 76 3
1 51 64 0
103 76 64 3
0 485 0 0
103 76 64 3
1 191 152 88
103 76 64 3
0 0 512 524
76 64 103 3
1 115 169 117
103 64 76 3
1 183 0 76
64 76 103 3
1 294 157 96
103 64 76 3
0 0 524 0
103 76 64 3
-0 485 0 0
103 64 76 3
1 348 87 144
103 76 64 3
1 136 67 152
103 76 64 3
1 484 152 156
103 76 64 3
0 0 0 0
76 64 103 3
1 272 88 0
103 76 64 3
1 255 152 0
103 76 64 3
0 485 0 524
64 103 76 3
1 457 25 0
76 103 64 3
-0 0 485 524
103 76 64 3
0 0 0 0
103 76 64 3
0 0 0 0
76 103 64 3
0 512 485 524
103 76 64 3
1 484 157 16
103 76 64 3
0 0 512 524
103 64 76 3
0 0 0 0
