Valor das Variáveis de Decisão: 
587 233 220
112
76 30 108 1
1 511 0 25
108 30 76 1
1 0 0 68
76 30 108 1
1 108 0 76
76 30 108 1
1 110 68 0
108 30 76 1
0 0 0 0
108 30 76 1
0 294 123 0
108 30 76 1
0 0 0 0
76 30 108 1
0 110 98 25
108 30 76 1
0 0 558 512
108 30 76 1
0 0 558 512
108 30 76 1
1 110 128 0
108 30 76 1
1 119 98 0
108 30 76 1
1 108 158 0
108 30 76 1
0 480 0 0
108 30 76 1
1 0 178 0
108 30 76 1
1 271 0 43
76 30 108 1
1 430 0 25
76 30 108 1
1 81 30 108
108 30 76 1
0 0 0 512
76 30 108 1
1 354 30 53
76 30 108 1
1 223 203 81
108 30 76 1
0 480 0 512
108 30 76 1
-0 480 0 0
108 30 76 1
1 0 43 25
76 30 108 1
0 0 43 0
108 30 76 1
1 0 73 0
108 30 76 1
0 480 0 0
108 30 76 1
1 220 30 25
76 30 108 1
1 186 68 0
108 30 76 1
0 480 0 0
76 30 108 1
1 419 68 108
108 30 76 1
0 0 558 512
108 30 76 1
0 0 558 512
76 30 108 1
0 512 558 480
108 30 76 1
1 5 203 144
76 30 108 1
1 305 203 81
76 30 108 1
1 318 68 110
108 30 76 1
0 480 558 0
108 30 76 1
1 354 140 110
108 30 76 1
1 477 152 0
110 43 25 2
1 227 0 0
110 25 43 2
0 478 563 545
25 110 43 2
0 563 170 92
110 43 25 2
0 92 545 119
25 110 43 2
-0 0 0 134
25 43 110 2
1 92 98 101
110 43 25 2
1 117 105 119
25 43 110 2
0 0 0 0
25 110 43 2
0 0 0 545
110 25 43 2
1 430 0 133
110 25 43 2
1 0 208 0
110 25 43 2
1 110 43 25
110 25 43 2
0 0 0 545
110 43 25 2
0 184 160 0
110 43 25 2
0 0 0 0
25 110 43 2
0 0 478 76
110 43 25 2
1 477 25 0
25 110 43 2
1 394 30 177
110 25 43 2
1 0 73 76
25 110 43 2
0 0 0 545
110 25 43 2
1 113 208 131
110 43 25 2
1 184 160 189
110 43 25 2
0 478 0 563
110 43 25 2
1 -1e-09 103 0
110 25 43 2
1 110 188 0
110 43 25 2
1 0 0 0
110 25 43 2
0 0 0 0
110 25 43 2
0 0 0 0
110 25 43 2
1 218 152 0
25 110 43 2
1 354 60 0
110 43 25 2
0 0 0 25
110 43 25 2
0 0 0 83
110 25 43 2
1 117 0 0
92 81 55 3
1 186 0 161
81 92 55 3
0 0 0 533
55 92 81 3
0 0 496 0
92 81 55 3
1 92 148 76
92 55 81 3
1 262 177 0
81 55 92 3
1 218 148 81
81 55 92 3
0 0 0 496
92 81 55 3
1 385 103 55
55 81 92 3
0 533 0 0
81 55 92 3
1 381 178 110
81 92 55 3
0 507 496 0
81 92 55 3
1 0 98 106
81 92 55 3
1 379 60 0
81 92 55 3
0 0 496 533
92 81 55 3
0 110 0 76
92 55 81 3
0 0 0 0
81 55 92 3
1 0 30 119
92 81 55 3
0 0 0 0
92 81 55 3
1 0 98 161
92 55 81 3
0 0 533 0
92 55 81 3
0 496 0 0
55 81 92 3
-0 0 0 496
81 55 92 3
1 506 73 0
92 55 81 3
1 262 93 27
55 92 81 3
1 299 98 108
81 55 92 3
0 0 533 0
92 81 55 3
0 496 507 0
92 55 81 3
1 477 178 76
92 55 81 3
0 496 0 507
55 92 81 3
-0 0 0 0
55 92 81 3
-0 0 496 0
92 81 55 3
0 0 507 0
81 92 55 3
1 462 141 157
92 81 55 3
0 0 0 533
92 55 81 3
1 0 123 25
92 81 55 3
0 496 507 0
92 81 55 3
0 496 0 0
92 55 81 3
1 495 68 92
55 81 92 3
0 0 0 0
