Valor das Variáveis de Decisão: 
587 233 220
127
97 27 81 1
1 117 66 0
97 27 81 1
-0 129 0 0
81 27 97 1
0 507 0 0
97 27 81 1
1 78 193 21
81 27 97 1
1 272 120 102
81 27 97 1
0 507 0 0
97 27 81 1
1 0 27 36
81 27 97 1
1 0 0 0
81 27 97 1
0 81 120 36
81 27 97 1
0 336 93 0
97 27 81 1
0 0 0 507
81 27 97 1
1 437 66 0
97 27 81 1
0 0 0 0
97 27 81 1
0 129 0 0
97 27 81 1
0 65 0 0
81 27 97 1
1 356 93 117
97 27 81 1
0 20 0 67
81 27 97 1
1 162 0 0
81 27 97 1
1 138 0 122
81 27 97 1
1 473 0 0
97 27 81 1
1 0 66 114
97 27 81 1
0 0 561 0
81 27 97 1
1 389 120 102
97 27 81 1
0 0 561 507
97 27 81 1
0 0 561 507
97 27 81 1
1 490 120 97
97 27 81 1
1 226 159 0
81 27 97 1
1 0 93 114
81 27 97 1
1 392 0 17
81 27 97 1
1 0 120 117
97 27 81 1
0 0 0 507
97 27 81 1
0 491 0 72
81 27 97 1
1 78 166 0
81 27 97 1
1 0 193 102
97 27 81 1
-0 0 27 507
97 27 81 1
0 353 120 36
97 27 81 1
0 0 0 507
81 27 97 1
1 0 0 114
81 27 97 1
1 0 147 123
81 27 97 1
1 81 0 0
81 27 97 1
1 470 186 117
102 39 78 2
0 0 549 0
102 39 78 2
1 473 27 0
102 39 78 2
0 449 46 39
102 39 78 2
1 81 187 102
102 39 78 2
0 0 0 72
78 39 102 2
1 200 187 102
78 39 102 2
1 0 193 0
102 39 78 2
0 0 549 0
78 39 102 2
1 194 75 114
102 39 78 2
0 0 549 0
78 39 102 2
1 473 166 0
102 39 78 2
0 11 54 211
78 39 102 2
-0 0 0 0
78 39 102 2
1 226 147 102
102 39 78 2
-0 486 0 510
102 39 78 2
0 486 0 0
102 39 78 2
-0 0 147 24
102 39 78 2
0 336 0 510
78 39 102 2
1 278 194 0
78 39 102 2
1 323 139 0
78 39 102 2
1 275 0 114
102 39 78 2
0 486 0 0
78 39 102 2
1 97 27 0
102 39 78 2
1 335 81 0
102 39 78 2
1 0 73 36
78 39 102 2
1 200 27 0
102 39 78 2
0 170 54 0
78 39 102 2
1 226 120 0
102 39 78 2
0 0 549 0
78 39 102 2
-0 304 0 0
102 39 78 2
0 486 0 0
102 39 78 2
1 417 147 102
102 39 78 2
-0 0 549 510
78 39 102 2
1 0 27 117
102 39 78 2
0 0 0 0
78 39 102 2
1 278 0 0
78 39 102 2
1 81 27 117
102 39 78 2
0 486 0 0
78 39 102 2
1 81 112 102
78 39 102 2
1 0 154 0
102 39 78 2
0 486 549 0
78 39 102 2
1 194 194 0
113 46 36 3
0 0 0 0
36 46 113 3
0 353 0 1
113 36 46 3
0 475 0 97
36 113 46 3
0 226 0 219
113 46 36 3
1 474 120 180
36 46 113 3
1 434 187 102
36 113 46 3
-0 81 0 102
36 113 46 3
0 175 7 542
113 36 46 3
0 0 0 0
113 46 36 3
0 0 542 552
36 113 46 3
0 278 0 0
36 46 113 3
0 102 0 475
36 46 113 3
0 0 0 475
113 36 46 3
1 437 66 102
113 46 36 3
0 0 0 0
113 36 46 3
0 0 0 0
113 46 36 3
1 401 120 36
113 46 36 3
0 0 542 552
113 46 36 3
0 87 0 0
113 36 46 3
1 243 39 148
113 36 46 3
1 81 151 102
113 46 36 3
1 304 166 148
36 46 113 3
1 551 166 36
36 46 113 3
0 353 35 0
113 36 46 3
1 113 93 0
113 46 36 3
0 0 74 214
36 46 113 3
1 102 66 102
113 46 36 3
0 475 27 0
113 46 36 3
0 475 0 0
36 46 113 3
0 0 101 0
113 46 36 3
1 113 120 46
36 46 113 3
0 353 0 0
113 36 46 3
0 0 0 0
113 46 36 3
1 0 92 0
36 46 113 3
1 551 46 78
113 46 36 3
1 474 93 0
36 46 113 3
1 356 0 81
113 46 36 3
0 0 0 552
113 46 36 3
1 438 27 148
36 113 46 3
0 434 0 0
113 46 36 3
-0 0 0 216
36 46 113 3
0 0 166 216
113 46 36 3
0 0 0 0
113 46 36 3
0 0 0 552
