Valor das Variáveis de Decisão: 
587 233 220
138
49 21 25 1
0 0 0 144
21 25 49 1
0 0 0 0
49 21 25 1
1 260 0 50
49 25 21 1
1 483 53 4
21 49 25 1
1 0 0 75
49 21 25 1
1 0 82 21
21 25 49 1
1 0 152 0
49 21 25 1
1 164 212 0
49 21 25 1
0 0 567 0
49 25 21 1
0 539 0 0
49 21 25 1
1 42 103 25
21 49 25 1
1 51 124 25
49 21 25 1
0 0 0 0
49 25 21 1
1 0 92 90
49 25 21 1
1 0 0 0
21 49 25 1
1 51 103 0
21 25 49 1
1 72 0 0
49 25 21 1
1 51 111 82
49 25 21 1
0 0 563 0
21 25 49 1
1 0 57 41
21 49 25 1
1 402 184 179
21 49 25 1
1 0 0 50
21 25 49 1
1 21 32 21
49 21 25 1
0 539 0 563
21 49 25 1
0 567 0 0
21 49 25 1
1 566 51 0
21 25 49 1
0 72 0 120
21 49 25 1
1 49 0 0
21 25 49 1
1 93 0 21
49 25 21 1
0 539 0 0
49 25 21 1
0 539 563 0
21 25 49 1
1 91 100 0
49 25 21 1
1 0 78 0
49 25 21 1
0 0 0 0
49 21 25 1
1 114 0 25
49 25 21 1
0 0 0 0
49 25 21 1
1 114 0 0
49 25 21 1
0 0 563 567
49 21 25 1
1 163 0 0
49 25 21 1
1 213 157 28
21 49 25 1
1 20 2 129
41 51 60 2
1 0 177 96
60 51 41 2
1 360 0 19
51 60 41 2
1 173 0 75
41 51 60 2
1 319 0 0
60 41 51 2
1 146 0 136
41 60 51 2
1 0 103 152
60 41 51 2
0 0 547 0
51 41 60 2
0 0 0 0
51 60 41 2
0 0 0 547
60 51 41 2
1 112 103 179
51 60 41 2
1 275 164 103
60 51 41 2
0 0 0 0
51 60 41 2
0 537 0 0
60 41 51 2
0 0 547 537
41 51 60 2
1 41 182 154
60 51 41 2
0 528 0 0
41 60 51 2
1 41 2 154
60 51 41 2
0 0 537 547
51 60 41 2
0 537 528 0
60 41 51 2
0 528 0 0
51 41 60 2
0 0 0 528
41 51 60 2
1 82 60 50
51 60 41 2
1 0 117 50
51 41 60 2
0 0 0 0
51 60 41 2
1 196 164 49
60 41 51 2
0 0 0 0
51 60 41 2
1 212 21 0
51 41 60 2
0 0 116 0
60 51 41 2
1 423 101 0
41 60 51 2
0 0 528 537
60 41 51 2
0 0 547 0
51 41 60 2
1 0 51 91
60 51 41 2
0 0 537 547
51 41 60 2
0 0 0 0
60 41 51 2
1 72 111 103
60 41 51 2
0 266 0 49
60 41 51 2
0 0 0 537
41 60 51 2
0 0 0 537
60 51 41 2
1 72 49 0
41 60 51 2
1 132 41 65
60 51 41 2
1 423 0 0
51 60 41 2
0 0 0 0
51 41 60 2
1 372 51 0
41 51 60 2
1 123 182 0
60 41 51 2
1 483 103 151
41 60 51 2
1 0 0 169
60 51 41 2
0 0 0 547
60 41 51 2
0 528 547 537
41 60 51 2
1 82 0 70
51 60 41 2
1 224 21 60
41 51 60 2
1 41 0 70
51 41 60 2
1 0 62 154
60 51 41 2
1 0 92 111
103 76 64 3
1 82 157 156
103 76 64 3
1 185 157 144
64 103 76 3
1 316 0 124
76 64 103 3
0 0 524 0
103 76 64 3
0 0 0 0
103 76 64 3
0 485 512 524
103 64 76 3
0 0 524 0
103 76 64 3
1 172 81 154
103 64 76 3
0 0 0 0
76 103 64 3
0 512 0 524
64 103 76 3
0 524 0 512
103 76 64 3
0 0 0 0
103 64 76 3
1 213 81 60
103 76 64 3
1 402 145 115
103 76 64 3
0 0 0 0
64 103 76 3
1 132 101 60
103 64 76 3
0 485 0 0
103 64 76 3
1 206 17 116
103 76 64 3
0 485 512 0
103 76 64 3
0 0 0 0
103 76 64 3
0 0 512 524
103 64 76 3
1 380 81 144
76 64 103 3
0 49 524 0
64 103 76 3
0 524 0 512
103 76 64 3
1 380 0 124
103 76 64 3
0 0 0 0
103 76 64 3
0 0 512 0
103 64 76 3
0 485 524 512
103 64 76 3
0 0 0 512
76 64 103 3
1 326 100 12
76 64 103 3
1 326 164 117
64 76 103 3
1 523 145 0
76 64 103 3
1 326 164 0
76 103 64 3
1 511 0 89
103 76 64 3
0 0 0 0
103 64 76 3
1 420 152 0
64 76 103 3
1 262 152 0
64 103 76 3
0 0 0 0
76 103 64 3
1 483 41 25
103 76 64 3
1 309 0 60
103 76 64 3
0 0 512 0
76 64 103 3
0 0 0 0
64 76 103 3
1 505 144 103
64 103 76 3
1 82 0 136