Valor das Variáveis de Decisão: 
587 233 220
127
81 27 97 1
1 178 39 0
97 27 81 1
1 275 160 138
81 27 97 1
1 97 39 0
81 27 97 1
1 234 206 0
97 27 81 1
0 296 66 0
97 27 81 1
0 0 561 507
81 27 97 1
0 0 12 102
81 27 97 1
1 0 89 5
81 27 97 1
1 277 0 5
97 27 81 1
1 377 66 102
97 27 81 1
0 149 561 21
81 27 97 1
1 0 0 102
97 27 81 1
0 491 39 0
81 27 97 1
1 0 0 0
81 27 97 1
1 506 185 102
97 27 81 1
1 280 46 102
81 27 97 1
1 275 133 123
81 27 97 1
1 280 93 123
97 27 81 1
1 275 159 0
81 27 97 1
0 0 0 0
81 27 97 1
1 78 39 102
81 27 97 1
1 0 88 123
81 27 97 1
0 0 114 0
97 27 81 1
0 0 561 507
81 27 97 1
1 0 62 0
97 27 81 1
-0 491 561 0
81 27 97 1
1 181 124 102
97 27 81 1
1 0 35 0
97 27 81 1
0 81 0 1
97 27 81 1
0 491 561 0
97 27 81 1
0 0 0 0
97 27 81 1
0 491 0 0
81 27 97 1
1 81 85 102
97 27 81 1
0 491 89 507
97 27 81 1
0 81 0 0
81 27 97 1
0 485 0 0
81 27 97 1
0 0 0 0
97 27 81 1
1 262 93 0
97 27 81 1
1 178 39 102
81 27 97 1
1 393 39 102
97 27 81 1
0 491 0 0
102 39 78 2
0 359 49 0
102 39 78 2
-0 81 221 510
102 39 78 2
1 178 66 102
102 39 78 2
0 0 0 0
78 39 102 2
1 489 75 102
78 39 102 2
1 372 146 82
102 39 78 2
1 474 46 0
102 39 78 2
1 175 0 0
102 39 78 2
1 372 141 4
78 39 102 2
1 97 80 0
78 39 102 2
1 0 194 0
102 39 78 2
0 0 0 0
102 39 78 2
0 262 39 0
78 39 102 2
1 375 88 0
78 39 102 2
1 156 194 0
78 39 102 2
1 506 194 0
102 39 78 2
1 259 46 0
102 39 78 2
0 0 0 0
102 39 78 2
0 0 0 0
78 39 102 2
1 0 155 0
102 39 78 2
0 0 549 510
78 39 102 2
1 175 80 0
102 39 78 2
1 262 120 0
102 39 78 2
1 485 0 142
102 39 78 2
1 485 0 0
102 39 78 2
-0 486 0 0
102 39 78 2
0 0 0 0
78 39 102 2
1 361 39 0
78 39 102 2
1 393 0 102
102 39 78 2
0 372 0 102
78 39 102 2
1 0 46 102
78 39 102 2
1 100 0 102
78 39 102 2
1 97 155 0
78 39 102 2
1 178 0 102
78 39 102 2
1 97 0 0
78 39 102 2
1 315 194 0
102 39 78 2
0 0 549 0
78 39 102 2
1 407 0 0
78 39 102 2
-0 0 0 0
78 39 102 2
0 0 66 0
78 39 102 2
1 0 116 0
102 39 78 2
1 404 194 0
36 46 113 3
0 0 0 0
113 46 36 3
1 280 0 102
113 46 36 3
0 0 66 204
113 46 36 3
0 0 542 0
36 46 113 3
1 453 139 102
113 46 36 3
0 0 0 0
113 46 36 3
-0 0 542 0
113 46 36 3
0 0 0 174
113 46 36 3
0 0 0 0
113 46 36 3
0 372 0 552
36 46 113 3
0 0 0 148
36 113 46 3
-0 552 0 102
36 113 46 3
0 81 42 0
113 36 46 3
1 474 85 0
113 46 36 3
0 262 233 0
113 46 36 3
1 49 141 138
113 46 36 3
1 393 187 138
113 36 46 3
0 475 0 542
113 36 46 3
1 474 39 174
36 46 113 3
0 552 542 475
36 46 113 3
0 552 0 475
113 46 36 3
1 149 187 184
36 46 113 3
0 0 119 475
113 46 36 3
1 474 0 106
113 36 46 3
1 149 197 102
113 36 46 3
1 149 119 0
113 46 36 3
0 0 0 552
36 46 113 3
0 552 0 0
113 46 36 3
1 49 115 102
113 46 36 3
1 162 73 184
113 36 46 3
1 0 161 174
36 46 113 3
1 113 187 102
113 46 36 3
1 162 151 138
113 36 46 3
0 280 75 102
36 46 113 3
1 439 93 102
36 113 46 3
0 0 475 128
113 36 46 3
0 475 0 0
113 46 36 3
-0 0 0 0
113 46 36 3
1 474 114 46
36 46 113 3
0 552 542 0
113 46 36 3
1 393 187 102
113 36 46 3
0 78 0 0
113 36 46 3
0 377 185 174
36 46 113 3
1 336 187 102
