INST2
587 233 220
112
108 30 76 1
0 0 43 512
76 30 108 1
1 393 171 101
108 30 76 1
-0 480 558 0
108 30 76 1
1 108 133 0
76 30 108 1
0 0 0 0
108 30 76 1
0 480 0 0
108 30 76 1
1 369 163 -1.00044e-09
108 30 76 1
0 480 0 512
108 30 76 1
0 0 0 0
108 30 76 1
1 -1e-09 163 0
108 30 76 1
1 147 203 0
108 30 76 1
0 0 43 0
108 30 76 1
1 477 60 0
108 30 76 1
1 216 103 0
108 30 76 1
0 480 0 0
108 30 76 1
0 0 0 0
108 30 76 1
0 480 0 0
108 30 76 1
1 0 193 0
108 30 76 1
1 0 133 0
108 30 76 1
1 0 103 0
108 30 76 1
1 0 60 0
108 30 76 1
1 369 203 0
108 30 76 1
0 0 0 0
108 30 76 1
-0 480 0 0
108 30 76 1
0 0 0 0
108 30 76 1
1 108 103 0
108 30 76 1
1 324 90 0
108 30 76 1
1 261 133 0
108 30 76 1
1 369 60 0
108 30 76 1
0 108 0 0
108 30 76 1
1 222 43 0
108 30 76 1
1 330 30 0
108 30 76 1
1 114 13 0
108 30 76 1
-0 480 0 0
108 30 76 1
1 438 13 0
108 30 76 1
1 330 0 0
108 30 76 1
1 222 0 0
108 30 76 1
1 112 73 0
108 30 76 1
1 6 0 0
108 30 76 1
1 2 30 0
110 43 25 2
0 0 43 0
110 43 25 2
1 434 190 76
110 43 25 2
1 469 172 101
110 43 25 2
0 0 0 563
110 43 25 2
1 112 190 76
110 43 25 2
0 220 43 0
110 25 43 2
1 220 133 76
110 43 25 2
1 367 128 101
110 43 25 2
1 477 129 76
110 43 25 2
1 477 129 51
110 43 25 2
1 110 90 101
110 43 25 2
1 477 86 76
110 43 25 2
0 0 545 0
110 43 25 2
1 255 90 76
110 43 25 2
1 0 86 126
110 43 25 2
1 391 0 194
110 25 43 2
0 478 0 0
110 43 25 2
1 0 0 101
110 25 43 2
1 367 103 83
110 43 25 2
0 202 47 0
110 43 25 2
1 0 43 126
110 43 25 2
1 108 0 76
110 43 25 2
1 477 43 76
110 43 25 2
0 0 0 0
25 43 110 2
-0 0 0 0
110 43 25 2
1 324 0 76
110 43 25 2
1 110 43 76
25 43 110 2
0 563 0 0
110 43 25 2
0 108 0 0
110 25 43 2
1 0 43 83
110 43 25 2
1 438 0 76
110 43 25 2
1 110 30 101
110 25 43 2
1 92 6 151
92 55 81 3
-0 0 0 0
92 55 81 3
0 496 0 0
81 92 55 3
1 66 141 157
81 92 55 3
0 507 0 0
55 92 81 3
1 0 129 126
81 55 92 3
0 110 0 76
81 92 55 3
-0 507 0 0
55 92 81 3
-0 0 0 0
81 55 92 3
0 0 0 0
92 81 55 3
0 496 0 0
92 55 81 3
1 55 135 76
92 81 55 3
0 496 507 76
81 92 55 3
0 0 0 0
92 81 55 3
-0 496 0 0
81 92 55 3
1 147 141 126
92 81 55 3
0 496 507 0
81 92 55 3
0 0 0 76
92 81 55 3
0 496 0 533
92 81 55 3
0 496 0 76
92 55 81 3
1 110 68 126
92 81 55 3
0 0 507 76
81 55 92 3
1 228 171 126
92 55 81 3
1 299 31 139
55 92 81 3
0 0 0 0
55 81 92 3
0 0 0 0
81 55 92 3
1 312 178 126
92 81 55 3
1 0 5 151
92 81 55 3
1 474 133 126
92 55 81 3
0 0 0 507
92 55 81 3
-0 0 0 0
81 55 92 3
0 0 0 0
92 55 81 3
1 202 86 126
81 55 92 3
1 218 31 126
92 55 81 3
0 0 0 507
92 55 81 3
1 301 86 139
81 55 92 3
1 501 0 101
92 81 55 3
0 0 0 533
81 55 92 3
1 393 78 126
92 81 55 3
-0 0 0 533